       pos      val_*      val_A      val_C      val_D      val_E      val_F      val_G      val_H      val_I      val_K      val_L      val_M      val_N      val_P      val_Q      val_R      val_S      val_T      val_V      val_W      val_Y
         0  -0.344092   0.405237  -0.335352  -0.338691  -0.168259  -0.222959  -0.294993   0.261109   0.012935  -0.743384  -0.215561   0.877716  -0.408227   0.039973  -0.865890   0.294567  -0.045607   0.225108   0.143848   2.720327  -0.486604
         1   0.030963  -0.000389   0.092242  -0.511791  -0.063473  -0.484480   0.820622  -0.625344  -1.004062   3.170938  -0.398791   0.037151  -0.174654  -0.471414   2.553239  -0.432331  -0.576303  -0.912474   0.351370   0.660037   0.037151
         2  -0.576995  -0.023945  -0.248275  -2.055287  -0.026428   0.011716  -0.226154   3.082497   2.187512  -0.455679  -0.589460  -0.109670   1.550865   0.138850  -0.648624  -0.273555  -0.729996   0.498376   0.266229   0.250439  -0.577026
         3  -0.932278  -0.024137  -0.163113   0.423328   0.124439   3.276318   0.472904  -0.421006  -0.617897  -0.629591  -0.763303  -2.019741  -0.126678  -0.142363   0.029408   1.124652   0.452439  -0.285654  -0.804003  -0.740997  -0.163005
         4  -0.315574  -1.295213   4.652563  -1.151190  -0.286298  -1.633563  -1.665555   5.005281  -1.058623  -0.615633  -0.919440  -0.591719  -0.525138  -1.220086   0.291319  -0.774399  -0.337023  -1.691794  -0.854266  -0.634396   2.616761
         5   1.320509   0.535986  -0.431950  -0.837102  -0.025802  -0.808437  -0.025974  -0.541415  -0.885703   1.792472   0.201142   0.081782  -0.697813  -0.805987   3.832595   0.975320  -0.365824  -0.078062  -0.996094   0.081782   0.081782
         6  -0.971962  -0.026980   0.469128   0.339907   0.134162   2.859709  -0.237768   0.276333  -0.456269   0.103501  -0.508657  -0.313523  -0.430261   0.935842  -0.043145  -0.150611  -0.532005  -0.204379  -0.087084  -0.718368  -0.490720
         7   0.398382  -0.139388  -0.206316  -0.252426  -1.262883  -0.412329  -0.060196   0.229247  -0.486526  -0.322484   0.609493  -0.404220  -0.563649  -0.330978   6.165454  -0.257533  -0.368025   0.405901  -0.750156  -0.802235  -0.841911
         8   1.023881   0.006169  -0.720560  -0.675791  -1.115835  -0.023587   0.358015   0.040991   0.026040   0.389239   0.014448   0.238265  -0.045929   0.316975   1.177050   0.675051  -0.065975   0.356377   0.041503   0.170849  -0.679762
         9  -0.857281   0.219735  -1.072471  -0.791564   0.712244  -0.209193   0.293525  -0.398466  -0.762499   2.193648  -0.262869   4.475421  -0.112275  -0.851862   0.577546  -0.350343  -0.343149   0.559212  -0.790507  -0.570121   0.052245
        10   0.777066  -0.357279  -0.274577  -0.257532  -0.369250  -0.163924   0.618682  -0.468955  -0.795600   2.542242  -0.246927  -1.222755  -0.274150   1.152279  -0.167713  -0.239810  -0.390798   0.013173  -0.415298   0.742581   0.106589
        11  -0.766873   0.070364   1.353748  -0.832168  -0.332033   0.276574  -0.802919   0.094863  -0.752731  -1.049530  -0.662176  -0.159270  -0.247470  -0.543349   0.203612   0.546597   0.391926  -0.621193   0.091852   0.849577   0.821792
        12  -0.398153   0.726964  -0.634412  -0.404319  -1.176681  -0.311772  -0.580549  -0.068008  -0.204480   2.698848  -0.252239   2.400502  -0.252243   0.307361   0.230120   0.021468  -0.291336   0.487996   0.152422  -0.685555  -0.392401
        13  -0.655479   0.611168  -0.798888  -0.551424   0.282865  -0.550906  -0.150064  -0.381769   1.668898   0.219384  -0.387315  -0.345886  -0.350573   0.788772  -0.267965  -1.095402  -0.259247   0.337785   1.062383  -0.397743   0.271070
        14  -0.124189   0.248966  -0.031388   0.580595  -0.235402   0.314550  -0.113309   0.456470  -0.233600  -0.411744  -0.389861  -0.578234   1.284508   1.082528   1.448590   0.088779  -0.119974  -0.104270  -0.585600  -0.477286   0.358263
        15  -0.089546  -0.683488   1.332860   0.456773  -0.640389  -0.617188  -0.226098  -0.258739   0.145769   1.078355  -0.141597  -0.467374   0.840482  -0.598302  -0.704136  -0.548301  -0.258933  -0.423274  -0.505367  -0.254324   2.923425
        16  -0.533123   0.516062  -0.216702  -0.099737   0.194755   0.297800  -0.377912  -0.589278  -0.299514  -0.480727  -0.604562  -0.137628   0.403080   0.784021   0.236701  -0.165958  -0.196310   0.078553  -0.490731   3.347058  -0.636332
        17  -0.240958   0.134274  -0.688640  -0.422604  -0.023119  -0.641217  -0.233198   0.589350   0.126648   0.064885  -0.204110   4.789536  -0.328292  -0.109542  -0.489592  -0.214686   0.110377   0.787566  -0.543042  -1.761700  -0.330678
        18   1.024710   0.081067  -0.385390   0.085822   2.923824  -0.547196  -0.220771   0.510228  -0.191319   0.114629  -0.274002   0.874114   0.311853  -0.462114   2.157290  -0.213212  -0.450040   0.525094  -0.507157  -2.282195  -0.006457
        19  -0.514727   0.256214   0.040239  -0.340841  -0.088147  -0.587300  -0.243261   0.172190  -0.696150   0.636686  -0.481629   1.221013   0.249479   0.405423   0.478777   0.917784  -0.118787  -0.053192  -0.563129  -0.167150  -0.501321
        20  -1.200966  -1.636106   2.722363  -0.910198  -1.206654   1.139859  -1.201778  -0.111966   3.008539   0.564198  -1.117293  -0.573497  -0.408487  -0.831967  -0.307938   0.632880  -0.686050   0.115523  -1.642275   0.272350  -0.843366
        21   1.223775  -0.179002  -0.169590  -0.661960  -1.057321   0.011921  -0.061128   0.407327  -0.326918  -0.329437  -0.275414   0.061003  -0.287998  -0.206975   0.250265   0.475737   0.465425   0.409720   0.376274   0.249300   0.249300
        22   4.008861  -0.086259  -0.405207  -0.883457   1.183109  -0.047621  -0.229801   0.386325  -0.403692   0.033138   0.331806  -0.010383  -0.548953  -0.323422   0.646713   0.192066  -0.121456   0.721267  -1.654451  -2.900750   1.314182
        23  -0.436959  -0.605233   0.997168  -0.462057  -0.593917   1.552246  -0.495753   0.708329  -0.593053  -0.393485  -0.709821  -0.439615  -0.205747  -0.254102   0.845844  -0.222614  -0.039482   0.103819  -0.613923  -0.403346   1.016371
        24  -0.713669   0.751178  -0.445511   2.601951  -0.117630  -0.410375  -0.141590  -0.812043  -0.376630  -0.271168  -0.501349   1.152103   1.980832  -0.529488  -0.638149  -0.237079  -0.702887  -0.164078   0.542862   0.389114  -0.735198