       pos      val_*      val_A      val_C      val_D      val_E      val_F      val_G      val_H      val_I      val_K      val_L      val_M      val_N      val_P      val_Q      val_R      val_S      val_T      val_V      val_W      val_Y
         0  -0.056296   0.014997   0.006704  -0.015784  -0.011251   0.007128  -0.026971  -0.025871   0.024060  -0.043044  -0.022207  -0.061561  -0.056182   0.011145  -0.040261  -0.036758   0.004103   0.005270   0.015799   0.069770  -0.003286
         1   0.016278  -0.023597  -0.017348   0.006694  -0.002603   0.047057   0.051647  -0.010045  -0.009760   0.084743  -0.018855   0.028221   0.005896   0.008372  -0.003180   0.017148  -0.023493  -0.010701   0.040231   0.038234  -0.005741
         2  -0.031684   0.054045  -0.048116  -0.079535   0.036166   0.013514  -0.026732   0.080335   0.022964  -0.030912  -0.022221   0.021368   0.041494  -0.009808  -0.036845  -0.002662  -0.044098   0.020802   0.045446   0.044067  -0.065571
         3   0.041350  -0.003919  -0.014812   0.084769   0.078198   0.123200   0.025962   0.017800  -0.002522   0.022985   0.094169  -0.005515   0.067303   0.069747   0.071384   0.074636   0.062471  -0.007231   0.001838   0.059834   0.079370
         4   0.005806  -0.024198   0.067857  -0.004142   0.071722   0.020553  -0.030341   0.100957   0.019111   0.042980   0.031734   0.048825   0.069491   0.053671   0.013023   0.038915   0.033039  -0.013319   0.033786   0.025064   0.035551
         5  -0.015767   0.021932   0.009161  -0.001540   0.002571   0.084201  -0.016155   0.048414  -0.069940   0.047796  -0.004288   0.024077   0.109521  -0.024577   0.105171   0.076621   0.051223  -0.014939   0.014108   0.084653   0.031369
         6  -0.031837  -0.036535   0.005358   0.060856   0.036628   0.079876   0.032705  -0.037983  -0.004092   0.036685  -0.045354  -0.019814   0.001285   0.070856   0.028453   0.023582   0.012918  -0.001527   0.022470   0.020316   0.015486
         7   0.038024  -0.008154  -0.029751  -0.014398  -0.020567   0.026731  -0.009877   0.101365   0.008512   0.004601   0.020202   0.054457  -0.002448   0.021307   0.138068  -0.019901   0.024347   0.047784   0.028449   0.043415  -0.064635
         8   0.003774   0.003174  -0.043359   0.031059  -0.005226   0.033569   0.020613   0.019268   0.015995   0.020855   0.004051   0.059654   0.014541  -0.061254  -0.016610   0.046645   0.013387   0.019572   0.039368  -0.024511   0.013358
         9  -0.020033   0.008833  -0.068102  -0.007365   0.026936  -0.010542   0.023103  -0.034516  -0.031494   0.031121   0.005173   0.059803  -0.034380  -0.035650  -0.115494  -0.063503  -0.013664   0.036167   0.045853   0.009319   0.008166
        10  -0.000196  -0.072474  -0.016568  -0.044199  -0.004711   0.011795   0.051802   0.007754   0.012130   0.023042   0.005506  -0.022889   0.014184   0.088265   0.016792   0.022321   0.018192   0.037240  -0.004583   0.010231   0.057574
        11  -0.056872   0.011720   0.019149   0.025394  -0.020533   0.020796  -0.040210   0.005049  -0.036304  -0.068216  -0.036302  -0.022474  -0.040803  -0.039469   0.013276   0.032754  -0.004618   0.009341   0.030366   0.010430   0.022312
        12  -0.045454   0.012463  -0.030670   0.045335   0.001593  -0.102323  -0.042587   0.001113  -0.067461   0.031056  -0.017079   0.006898  -0.017974   0.018372  -0.009215   0.002771  -0.014908   0.060793  -0.074947  -0.040967  -0.077080
        13  -0.084025   0.034745  -0.040499   0.000895  -0.018791  -0.056578  -0.015578  -0.061572   0.065998   0.001003  -0.032264  -0.011416  -0.050242   0.027853  -0.082740   0.006779  -0.026441   0.021333   0.037839  -0.026080   0.023980
        14   0.002284   0.044866  -0.014207   0.006344  -0.067144   0.033326  -0.000264   0.073956  -0.018433   0.006711  -0.020420  -0.026278   0.015173   0.023671  -0.002320  -0.004152  -0.002530  -0.030396  -0.028071  -0.003863   0.032735
        15  -0.010991   0.003346   0.043887   0.045092  -0.029182   0.000576  -0.017869  -0.020904  -0.025719   0.039948   0.004993  -0.015884   0.036153  -0.017090  -0.069406  -0.022880   0.018310  -0.029363  -0.018969  -0.020221   0.060690
        16   0.014481  -0.001798  -0.010494   0.089510   0.009544   0.062855   0.051706   0.015580   0.049039   0.013741   0.071071   0.064447   0.114006   0.088750   0.000709   0.065318   0.075329  -0.039415  -0.004963   0.174142   0.022905
        17   0.106005  -0.003009   0.019013   0.037375   0.060503   0.002676  -0.013443   0.098214   0.014813  -0.028194   0.022456   0.099477  -0.016206   0.023337  -0.017551   0.013095   0.044848  -0.002562   0.003606  -0.022786  -0.008837
        18   0.009706   0.029888  -0.033829  -0.076079   0.076241  -0.010781  -0.030782  -0.012827   0.008719  -0.016193   0.002479   0.037693   0.038478  -0.022087  -0.016167  -0.005762  -0.001715   0.034723  -0.011676  -0.043487  -0.032748
        19  -0.074369   0.022812  -0.011111  -0.041921  -0.030463  -0.065900  -0.011865  -0.010811  -0.018986   0.010581  -0.004582  -0.028505  -0.007071  -0.050514  -0.015570   0.023062  -0.054540   0.000165  -0.056377  -0.045204  -0.050087
        20  -0.059126  -0.060009   0.045456  -0.004881  -0.045225   0.016015   0.008303   0.008721   0.084295   0.057595  -0.073985   0.034772   0.046885  -0.034695   0.003581   0.059702  -0.026343   0.006251  -0.015115   0.057048   0.000085
        21  -0.010279  -0.009857  -0.032203   0.022244  -0.001981   0.028715   0.022063   0.039337  -0.009234  -0.008292   0.062201  -0.028178  -0.001009  -0.009130  -0.044225   0.000493   0.034607   0.019998   0.049681   0.016085   0.012660
        22   0.081100  -0.013602  -0.008522  -0.055861   0.018279  -0.034538  -0.016484  -0.003982  -0.004827   0.028258   0.018776   0.048858   0.012978  -0.013829  -0.019642   0.008170   0.040487   0.038608  -0.014581  -0.028079   0.027763
        23  -0.005683  -0.044103   0.057284   0.045182   0.050867   0.045030  -0.031643  -0.061729  -0.038016  -0.047175  -0.033832  -0.029504  -0.026896  -0.018400  -0.008029  -0.011254   0.003450   0.018463   0.022677  -0.026910   0.002105
        24  -0.032320   0.043356   0.000410   0.054398  -0.025102  -0.001228  -0.047194  -0.013106   0.007300   0.011173  -0.024262   0.018363   0.049804   0.029322  -0.008670  -0.000356  -0.028421   0.003428   0.029537   0.053812  -0.035859