       pos      val_*      val_A      val_C      val_D      val_E      val_F      val_G      val_H      val_I      val_K      val_L      val_M      val_N      val_P      val_Q      val_R      val_S      val_T      val_V      val_W      val_Y
         0   0.441855  -0.287231   0.267872   0.125542   0.135539   0.113275   0.204543  -0.209974  -0.108407   0.767278   0.101988  -0.736800   0.067244  -0.185255   0.392584  -0.433912  -0.104209  -0.185184  -0.197882  -0.331334   0.235431
         1   0.166014   0.118796  -0.055074   0.168538  -0.033724   0.165287  -0.603629   0.161318   0.573655  -1.280905   0.475136  -0.587758  -0.022822   0.450230  -1.280905   0.035401   0.153409   0.539906  -0.000901   0.431911   0.234482
         2   0.179711  -0.090117   0.126234   0.938948   0.285022  -0.307584   0.184077  -0.670490  -0.958172   0.198548   0.171488   0.022658   0.022658   0.050828   0.265219  -0.060859   0.295967  -0.220194   0.063480  -0.640286  -0.192285
         3   0.638931  -0.161666   0.538114  -0.585352  -0.408465   0.230448  -0.473543   0.161247   0.531923   0.256942   0.455459   0.635913  -0.023001   0.119222  -0.336456  -0.623335  -0.520758   0.097094   0.391154   0.635913   0.400166
         4   0.413610   0.157461  -1.082801   0.881418  -0.485764   0.563902   0.635203  -0.297237   0.073792  -0.221584  -0.022658  -0.267526   0.491742   0.257673  -0.891313  -0.070355  -0.362834   0.290138  -0.104951   0.492902   0.801375
         5   0.908083  -0.495776   0.536749   0.086435   0.410815   0.328229  -0.038060   0.302885   0.342351   0.490348   0.225841  -0.608264   0.155087   0.208310  -1.013730  -1.129137  -0.352624  -0.002913   0.283353  -0.608264   0.300304
         6   0.807368   0.016003  -0.198477  -0.657404  -0.306008   0.089252   0.121467  -0.310958   0.114811  -0.284983   0.177671   0.020259   0.105491  -0.081932  -0.187738  -0.117858   0.104857   0.061008   0.194613   0.664616   0.138890
         7   0.330409  -0.043936   0.444294   0.070836   0.025027   0.658386   0.042103  -0.046947  -0.017445   0.389670   0.277370  -0.065296   0.119960   0.101661  -1.766733   0.203050  -0.124881  -0.442463   0.181948   0.152860   0.294622
         8   0.655414   0.006038   0.596024   0.370208   0.525539   0.295810  -0.292961  -0.105088  -0.131863  -0.337387  -0.099755  -0.256216  -0.118490  -0.300592  -0.698237  -0.692019  -0.107847  -0.309102   0.278852  -0.199107   0.217337
         9   0.429933  -0.201723   0.781218   0.264234  -0.148611  -0.173312  -0.190962  -0.016038   0.230445  -0.148611   0.369912  -0.841758  -0.235623   0.380513  -0.148611  -0.073851  -0.107827  -0.388534   0.440396   0.086793  -0.359730
        10  -0.329358   0.257248   0.185070  -0.116103   0.230073   0.091007  -0.583064   0.035530   0.608106  -0.411944   0.070798   1.379815  -0.090361  -0.334983  -0.306584  -0.138038  -0.030697   0.140745   0.213702   0.225940  -0.279371
        11   0.580489  -0.260144  -0.519390   0.483041   0.057761   0.263815   0.471591  -0.259050   1.021501   0.828893   0.250212  -0.028321   0.435774   0.495113  -0.331009  -0.539572  -0.242014   0.307942  -0.443029  -0.683247  -0.700806
        12   0.687672  -0.139341   0.268084   0.019772   1.062366   0.013747   0.346205  -0.215304   0.017736  -0.660401  -0.099295  -0.323929  -0.111220  -0.459654  -0.341701  -0.291460  -0.092592  -0.474948  -0.185852   0.248591   0.027990
        13   0.245004  -0.179208   0.172135   0.200094  -0.149697   0.049370  -0.177380  -0.119683  -0.504970   0.059288   0.428514  -0.067006  -0.025622   0.131445   0.171405   0.813883   0.029075   0.184452  -0.343638   0.274298  -0.729433
        14   0.073350  -0.168349  -0.214221  -0.333887   0.582404  -0.771084   0.279676  -0.554430  -0.159003   0.294722  -0.020906  -0.007559  -0.301262   0.326471  -0.110743   0.075359  -0.220120   0.102895   0.148850   0.079877  -0.784084
        15   0.287270   0.004543  -0.059406   0.626669   0.549708   0.210112  -0.074444   0.168714  -0.595547  -1.208855  -0.534339  -0.254476   0.990892  -0.018588  -0.024219  -0.186944  -0.095478   0.129306  -0.253227   0.164360  -0.567253
        16   0.254924  -0.122112   0.076339  -0.336024   0.330153  -0.139447   0.135428   0.190401   0.036450   0.184633   0.404060   0.319897  -0.699336   0.250473  -0.002517   0.068201  -0.246304  -0.089656   0.201082  -1.421601   0.158961
        17   0.075672   0.070377   0.147374   0.112789   0.064622   0.481571  -0.064977  -0.896560  -0.080714  -0.014148  -0.099382  -0.925777  -0.005816  -0.128289   0.140350  -0.158180   0.026881  -0.152773   0.460517   0.632368   0.033308
        18   0.390516  -0.141086   0.413523  -0.248143   0.102834  -0.011952   0.108908   0.066865  -0.253424  -0.408090  -0.161644  -1.147893  -0.545231   0.385125   0.033841  -0.144720  -0.046754  -0.381345  -0.038725   1.306807  -0.204320
        19   0.780724  -0.186784  -0.044196   0.100704  -0.063494   0.273790   0.119318  -0.249507   0.304741  -0.490976   0.383784  -0.810152  -0.282194   0.588296  -0.070283  -0.623632  -0.066807   0.111663   0.252824   0.037146   0.198355
        20   0.632689   0.850117  -1.009301   1.002920   0.469891  -0.096969   0.442781  -0.332641  -0.348283  -0.811470   0.448851   0.081381   0.085674   0.406802  -0.275081  -0.864189   0.484626  -0.283597   0.918210  -0.416271   0.364240
        21   0.198513   0.094729  -0.002357   0.610557   1.645432  -0.253706   0.237555   0.154798  -0.043331   0.078862   0.025329  -0.447904  -0.011869   0.214030   0.778331  -0.647043  -0.573140  -0.329926  -0.409869  -0.494635  -0.297348
        22  -1.322265  -0.071314   0.567203   0.643848  -0.223653   0.318671   0.309893  -0.061726   0.045904  -0.087641  -0.234582  -0.177844   0.085912  -0.029571  -0.203034  -0.173148  -0.415074  -0.805782   2.000971   0.469494  -0.313804
        23   0.402988   0.165542  -0.307766   0.530470   0.097854  -1.127758   0.574175   0.339952   0.321205   0.129608   0.347484   0.087047   0.127226   0.051411  -0.816268  -0.104590  -0.322954  -0.431951   0.421688  -0.020847   0.576990
        24   0.215832   0.009949  -0.038422  -1.219927   0.110244   0.115435  -0.098657   0.166367  -0.408997   0.277182   0.138689  -0.403166  -0.121315   0.325998   0.120216  -0.164964   0.308477   0.127131   0.043210  -0.786523   0.334990