       pos      val_*      val_A      val_C      val_D      val_E      val_F      val_G      val_H      val_I      val_K      val_L      val_M      val_N      val_P      val_Q      val_R      val_S      val_T      val_V      val_W      val_Y
         0   0.415794   0.045679   0.095469   0.067118   0.297369  -0.060007   0.199582  -0.527009  -0.269046   0.857862   0.116705   0.914539  -0.180746  -0.308578  -1.533951  -0.559970  -0.288236  -0.340729  -0.009273   1.444815  -0.091520
         1   0.122501   0.193101  -0.080055  -0.106376   0.629261  -0.445622  -0.959101  -0.428548   0.402748   1.466605  -0.074154   0.248547  -0.693304   0.097195   0.756068  -0.489166  -0.251076   0.846057   0.411434   0.030787  -0.433992
         2   0.377122  -0.150101  -0.170262  -0.335599   0.142861  -0.262453  -0.027616  -0.360411  -0.242470   0.033538   0.219352   0.370610  -0.723009   0.221790   0.148433  -0.041254   0.267134   0.347978   0.285818  -1.094874  -0.966399
         3   0.926616  -0.026847   1.160296  -0.925359  -0.706454   1.094664  -0.700538   0.293508   0.830951   0.175684   0.792444   0.695782  -0.094676   0.700310  -0.720316  -0.135338  -1.185257  -0.432911   0.569391   1.850100   0.400594
         4   0.831948  -0.610599   1.642701  -1.032123  -1.287762   0.454698  -0.410984   0.661924  -0.054770  -0.558077  -0.120310  -0.544182   0.788280  -0.388463  -0.989134  -0.223487  -0.512952  -0.621117  -0.333180   1.018108   0.786532
         5  -0.384713  -0.785932   0.806715  -0.212904   0.121028   0.285239  -0.047789   0.342162   0.698429   0.268043   0.831056   1.020100   0.102872   0.120063   0.644254  -2.573178  -1.014946   0.027006   0.222221   0.992440   0.565571
         6   0.949497  -0.298967   0.069045  -0.220698  -0.348115   0.305698   0.540251  -0.389758   0.011791  -0.624452  -0.180661  -0.255289  -0.078933   0.517034  -0.409786  -0.539150  -0.315096  -0.310330   0.718981   0.656296  -0.160972
         7  -0.991094  -0.312428   0.427566   0.167819  -0.186316   0.487225   0.790830   0.414787  -0.204235   0.345292   0.706087  -0.344315  -0.150640   0.204681   1.013940   0.262980  -0.393024  -0.905969  -0.158908   0.796587  -1.000504
         8   1.247126  -0.461223   1.042733   0.208729  -0.076334   0.751465  -0.280358  -0.396286  -0.043235  -0.958491   0.037562  -0.066684  -0.294429  -0.441251   0.086079  -0.905768  -0.210364  -0.301152   1.231566  -0.058276  -0.019443
         9   0.695166  -0.357868   0.697296   0.169252   0.061207  -0.282458  -0.051503  -0.316128  -0.495447   0.475564   0.870138   0.977903  -0.292857   0.608318   1.090737  -0.498159  -0.454750  -0.287925  -0.122421  -0.688364  -1.039537
        10  -0.939734   0.282717   0.308978  -0.070408   0.029264   0.551684  -0.908651  -0.146652   0.264003   0.255317   0.286327  -1.168506  -0.595718   0.347149   0.120998  -0.211057  -0.016235   0.316956   0.584872   0.488242   0.667233
        11   0.959757  -0.818405   0.631417   0.020422  -0.012991  -0.457307   0.062389  -0.426336   0.115311   0.832135   0.145569   0.423262   0.791189   0.788275  -0.499686  -0.910099   0.431287   0.124600  -0.300852  -0.895591  -1.393043
        12   1.250960   0.372500   0.183549   0.403692   0.770182   0.175741   0.551163  -0.321877  -1.063239   0.076470  -0.041626   0.350997  -1.013709  -0.830833  -0.297476  -0.440162  -0.225819  -1.107212   0.519675  -0.158649  -0.233480
        13   0.132166  -0.130698   0.051840   0.148485  -0.016982  -0.057609  -0.198915  -0.227540  -0.070113  -0.048212   0.153099  -0.155293   0.017928   0.472652   0.348605  -0.016208   0.122129   0.277774   0.308693  -0.175458  -1.367710
        14   0.349693   0.208762   0.537797   0.606504  -0.021863  -1.147198  -0.285640   0.363400   0.213752   0.014547   0.235674   0.745762  -0.300870   0.206164  -0.187801  -0.030461   0.082800  -0.460919   0.276338   0.320790  -1.242703
        15   0.703173   0.062267  -0.081921  -0.431084   0.360908   0.322320   0.055056   0.426773  -1.062943  -1.889130  -0.850291  -0.522403   0.387072   0.198270   0.111306  -0.412359   0.257666  -0.035401  -0.519599   0.866336  -0.116147
        16   0.195876   0.171468   0.180657  -0.746747   0.129795   0.297660  -0.103318  -0.266815   0.482791  -0.247567   0.589513   0.500400  -1.596518  -0.340848  -0.015477  -0.323178  -0.863064  -0.248806   0.592178   1.498570  -0.105436
        17   0.379559   0.189860  -0.102727   0.164746   0.176413   0.311749  -0.005224  -1.499461   0.249623  -0.347296   0.155917  -0.061817  -0.024076  -0.143335   0.040084  -0.191006   0.176816  -0.081908   0.514971  -0.710245   0.155612
        18   0.894171   0.204488   0.226899   0.584986   0.249260  -0.059615  -0.234128   0.690998  -0.456172  -0.664899  -0.309907  -0.631313  -0.939348   0.186125   1.551596  -0.385125  -0.095113  -0.197259  -0.193761  -0.208072  -0.107504
        19   1.526284  -0.213475  -0.662677   0.173617  -0.125978   0.459217   0.237747  -0.349346   0.287262  -1.233545  -0.526395   0.977658  -0.701351   1.148520   0.393148  -0.760371  -0.315128   0.638405   0.266254  -0.403628   0.102937
        20   0.925019   0.015636  -0.164439   0.826959   0.274628  -0.293708   0.305511  -0.636857   1.124645  -2.063057   0.363037  -0.383244   0.278621   0.413955  -0.885091  -2.255900   0.334312  -0.156708   0.920570   0.418969   0.058752
        21   0.093224   0.121946  -0.170792   0.840926   0.120405  -0.531477   0.624642   0.313176  -0.163285  -0.363085  -0.200612  -0.502982   0.011896   0.638077   0.581087  -1.042173  -0.415966  -0.575796   0.242760   1.451032  -0.834017
        22   0.580994   0.395065   0.545374  -0.023379   0.532593   0.630130   0.338346  -0.044793   0.247323  -0.131606   0.532283   0.009219  -0.170562  -0.352884  -0.012565  -0.180342  -0.808247  -1.278785   0.082226  -0.421166   0.854470
        23   0.628786   0.062065   0.605376  -0.297421   0.342718   1.193868   0.239883   0.200133   0.347856   0.113661   0.323239   0.120458  -0.315250   0.231017  -0.795637  -0.247404  -0.599662  -0.907323   0.075950  -0.089246  -0.261408
        24   0.138593  -0.210467   0.025080  -0.059127   0.151573   0.036723  -0.052882   0.065605   0.095359   0.076970   0.196959  -0.027776  -0.102995   0.365550   0.012226  -0.169653   0.184001   0.238270  -0.167439  -1.420990   0.215373