       pos      val_*      val_A      val_C      val_D      val_E      val_F      val_G      val_H      val_I      val_K      val_L      val_M      val_N      val_P      val_Q      val_R      val_S      val_T      val_V      val_W      val_Y
         0   0.466572   0.045239   0.096702   0.058837   0.290598  -0.067228   0.199162  -0.534409  -0.276041   1.067911   0.109649   1.185691  -0.187198  -0.316885  -2.023132  -0.567489  -0.296628  -0.341104  -0.017592   1.522167  -0.097313
         1   0.169031   0.192368  -0.080864  -0.059889   0.677143  -0.401717  -0.959852  -0.382147   0.448871   1.489655  -0.028507  -0.382147  -0.649595   0.141100   0.534144  -0.443259  -0.204786   0.848347   0.457422   0.076634  -0.387350
         2   0.442435  -0.148312  -0.169641  -0.393212   0.207026  -0.197351  -0.026911  -0.863216  -0.352391   0.097247   0.284559   0.437485  -1.150895   0.285067   0.212048   0.024181   0.332466   0.344864   0.348724  -1.029547  -0.902729
         3   0.911514  -0.048298   1.228305  -0.940677  -0.721756   1.192417  -0.722074   0.279495   0.815645   0.160282   0.779458   0.744395  -0.109406   0.686481  -0.735555  -0.149339  -1.200593  -0.457933   0.554325   1.885565   0.385746
         4   0.822051  -0.625856   1.691512  -1.108706  -1.305238   0.440533  -0.427379   0.837198  -0.069663  -0.573063  -0.135237  -0.559126   0.774478  -0.402176  -1.004448  -0.238474  -0.527786  -0.638278  -0.348162   1.002775   0.883723
         5  -0.388542  -0.786110   0.807232  -0.217722   0.117546   0.280783  -0.047984   0.336499   0.694885   0.263765   0.825869   1.056345   0.098476   0.115296   0.650877  -2.600337  -1.019841   0.026861   0.217346   1.056345   0.558922
         6   0.943404  -0.314708   0.110733  -0.226072  -0.354187   0.314666   0.528033  -0.395608   0.005638  -0.630475  -0.187253  -0.262790  -0.084882   0.512689  -0.415844  -0.545080  -0.322380  -0.324059   0.725119   0.694812  -0.166048
         7  -1.092032  -0.312937   0.427597   0.182809  -0.287660   0.499288   0.791872   0.431272  -0.190205   0.358086   0.719350  -0.330869  -0.136615   0.218701   0.965101   0.275904  -0.379046  -0.906534  -0.144836   0.810952  -0.988038
         8   1.238774  -0.460413   1.042372   0.202462   0.016168   0.743104  -0.280531  -0.403167  -0.052955  -0.968107   0.027919  -0.073266  -0.304146  -0.448645   0.160751  -0.915445  -0.219985  -0.301428   1.221805  -0.067019  -0.028726
         9   0.664680  -0.358761   0.696557   0.139831   0.156140  -0.312906  -0.049573  -0.344668  -0.526359   0.561604   0.839768   1.254756  -0.326169   0.577655   1.149396  -0.530250  -0.485276  -0.288224  -0.151245  -0.719624  -1.069951
        10  -0.921922   0.282607   0.308849  -0.043884   0.057287   0.579342  -0.908985  -0.121037   0.291483   0.261488   0.312884  -1.648058  -0.570111   0.374227   0.118386  -0.184428   0.010394   0.317528   0.611467   0.515953   0.695620
        11   0.952718  -0.835735   0.677355   0.014444  -0.020129  -0.430047   0.047204  -0.433429   0.149770   0.825091   0.138515   0.418081   0.786494   0.781309  -0.506761  -0.917218   0.424142   0.111176  -0.306247  -0.903304  -1.400320
        12   1.240805   0.373231   0.183766   0.391791   0.870395   0.163746   0.551294  -0.334041  -1.076513   0.161745  -0.053871   0.384888  -1.026902  -0.843132  -0.308259  -0.452458  -0.238172  -1.108290   0.507365  -0.170728  -0.245962
        13   0.164332  -0.136299   0.053722   0.180558   0.012030  -0.025625  -0.196890  -0.195491  -0.043992  -0.017486   0.185356  -0.763808   0.050052   0.498435   0.379793   0.012840   0.154269   0.279467   0.338459  -0.145697  -1.335616
        14   0.358889   0.208408   0.540919   0.614713  -0.065857  -1.137090  -0.288407   0.374490   0.223536  -0.001319   0.245845   0.755907  -0.295193   0.216340  -0.289001  -0.021568   0.093125  -0.460922   0.286506   0.329086  -1.232722
        15   0.699751   0.058368  -0.069664  -0.427078   0.359311   0.319655   0.048266   0.424915  -1.067290  -1.904479  -0.853921  -0.525946   0.401244   0.194701   0.107639  -0.416022   0.254946  -0.036971  -0.523254   0.864022  -0.086151
        16   0.234556   0.169733   0.180241  -0.705778   0.168999   0.337240  -0.102683  -0.225853   0.523425  -0.206883   0.632380   0.541075  -1.555691  -0.299778   0.024447  -0.283535  -0.822257  -0.247290   0.630902   0.695440  -0.064639
        17   0.398719   0.186766  -0.101507   0.184737   0.194702   0.330154  -0.004489  -1.479559   0.267793  -0.329322   0.175827  -0.385650  -0.004315  -0.123269   0.060081  -0.171142   0.197363  -0.080770   0.533494  -0.749871   0.175608
        18   0.918465   0.205543   0.227595   0.578960   0.358851  -0.069126  -0.234699   0.681927  -0.465731  -0.674516  -0.319413  -0.640815  -0.948918   0.177880   1.569941  -0.394502  -0.104649  -0.198438  -0.203338  -0.209132  -0.116409
        19   1.509432  -0.213697  -0.662444   0.156337  -0.143273   0.445625   0.237532  -0.366594   0.271645  -1.251120  -0.541656   1.230494  -0.718607   1.131166   0.376351  -0.776576  -0.332306   0.638610   0.248968  -0.338120   0.085586
        20   0.915367  -0.008703  -0.094380   0.817446   0.265156  -0.270390   0.283421  -0.646292   1.164694  -2.072501   0.353663  -0.390412   0.271411   0.404326  -0.894443  -2.265275   0.327491  -0.180337   0.915236   0.411640   0.051043
        21   0.109001   0.120848  -0.171097   0.831806   0.135385  -0.541705   0.627184   0.303295  -0.173236  -0.372522  -0.210916  -0.510479   0.002127   0.628276   0.581272  -1.053041  -0.425761  -0.576934   0.234142   1.582306  -0.845885
        22   0.520084   0.396444   0.543143  -0.007548   0.445976   0.650704   0.337693  -0.024922   0.268233  -0.112196   0.549475   0.027219  -0.149662  -0.332047   0.000474  -0.161203  -0.787424  -1.277280   0.099054  -0.614896   0.874869
        23   0.634471   0.063752   0.601555  -0.368134   0.347344   1.210049   0.240488   0.203753   0.353696   0.119200   0.328178   0.126128  -0.310804   0.236514  -0.790800  -0.241793  -0.594131  -0.905795   0.081423  -0.085870  -0.294025
        24   0.157580  -0.212391   0.025738  -0.120309   0.170161   0.054476  -0.052111   0.033841  -0.014950   0.092996   0.215799  -0.010308  -0.207320   0.380630   0.029784  -0.150596   0.202822   0.238763  -0.150695  -1.401997   0.236077