       pos     val_AA     val_AC     val_AG     val_AT     val_CA     val_CC     val_CG     val_CT     val_GA     val_GC     val_GG     val_GT     val_TA     val_TC     val_TG     val_TT
        37   0.044770  -0.002311  -0.002434  -0.018333  -0.065321   0.011153  -0.040215  -0.008946  -0.016039   0.012100   0.048491   0.016252   0.048109  -0.003304  -0.022441  -0.001533
        38  -0.051350   0.037172   0.022346   0.003352   0.011409  -0.033275  -0.007149   0.046654  -0.093820   0.013215   0.009062   0.054946  -0.002908  -0.004364   0.054104  -0.059393
        39  -0.086690   0.021625  -0.071609   0.000004   0.033953  -0.008730  -0.037528   0.025053  -0.047147   0.101252   0.016537   0.007721   0.008225  -0.040136   0.003237   0.074231
        40   0.010398   0.003778  -0.124018   0.018184  -0.023793   0.134365  -0.077553   0.040992   0.015298  -0.029564  -0.069668  -0.005429  -0.039608  -0.038067   0.164268   0.020417
        41  -0.067314   0.059749  -0.038781   0.008640  -0.049208   0.042123   0.037554   0.040043   0.131611  -0.070100  -0.143761  -0.024722   0.026584  -0.040719   0.044107   0.044194
        42  -0.036359   0.071702  -0.038912   0.045241   0.053619  -0.024550  -0.029166  -0.008851  -0.019783  -0.001771  -0.048580  -0.030747   0.026550  -0.082110   0.077352   0.046363
        43  -0.023023   0.035281  -0.025787   0.037557   0.034059  -0.035694  -0.033485  -0.001608  -0.031951   0.023530  -0.029464  -0.001420   0.049561  -0.008909   0.037168  -0.025814
        44   0.035551  -0.004805  -0.002777   0.000676   0.058666  -0.052693   0.002093   0.006142  -0.015463  -0.028926   0.014893  -0.022073  -0.033295  -0.030001  -0.028498   0.100507
        45  -0.000831  -0.031532   0.072214   0.005608  -0.024854  -0.030869  -0.043521  -0.017181   0.011717  -0.005711  -0.023570   0.003275   0.026815  -0.044213   0.110805  -0.008155
        46   0.007267  -0.055978   0.059576   0.001983  -0.007993   0.005399  -0.112490   0.002759   0.027583   0.050619  -0.018435   0.056161  -0.001089  -0.019778   0.005090  -0.000677
        47   0.002039   0.036453  -0.026680   0.013957   0.000060  -0.031088   0.018693  -0.007402  -0.049038  -0.041109   0.000494   0.023394   0.023636   0.017605   0.037105  -0.018118
        48  -0.027919   0.005487  -0.025939   0.025068  -0.008238  -0.043788  -0.034832   0.068719  -0.029003   0.010828  -0.033641   0.081427   0.044873  -0.029724   0.027012  -0.030329
        49  -0.031502  -0.001314   0.009232   0.003297  -0.012684   0.006828  -0.059493   0.008152  -0.045123  -0.043141   0.036634  -0.015769   0.036516   0.016388   0.051687   0.040294
        50  -0.038811  -0.060781   0.021989   0.024810  -0.013072  -0.010974  -0.003090   0.005895   0.017072   0.054774  -0.007561  -0.026227   0.040891  -0.003833   0.010887  -0.011970
        51   0.005049   0.055718  -0.036572  -0.018115  -0.009585  -0.005911  -0.022426   0.017108   0.004078   0.006473   0.003861   0.007813  -0.018622  -0.020398   0.021947   0.009580
        52   0.005162  -0.009981  -0.032876   0.018614   0.007882   0.000114   0.007459   0.020426  -0.056414  -0.010217   0.020039   0.013401  -0.000426  -0.003558   0.035287  -0.014916
        53   0.031035  -0.055453  -0.032488   0.013111  -0.011596  -0.003965  -0.010633   0.002552  -0.005904   0.044602  -0.008654  -0.000134   0.009920   0.008301   0.006407   0.012898
        54  -0.047085   0.013305   0.029107   0.028126   0.001687  -0.002556  -0.021483   0.015839   0.012897  -0.006937  -0.047400  -0.003927   0.010112   0.003216  -0.001564   0.016661
        55  -0.018784   0.007869  -0.005417  -0.006058   0.006422  -0.005767  -0.002516   0.008891  -0.018984   0.000744  -0.038266   0.015166   0.015071  -0.003091  -0.031396   0.076114
        56   0.005872  -0.043632  -0.009070   0.030555  -0.011701   0.009649  -0.011837   0.013644   0.020062  -0.050816  -0.006857  -0.039984   0.035993   0.030073  -0.015572   0.043621
        57  -0.065945   0.035283  -0.002212   0.083099  -0.001465  -0.072739  -0.032184   0.051661  -0.027249  -0.023128  -0.019861   0.026901  -0.012843   0.001174  -0.001499   0.061003
        58  -0.064040  -0.015465  -0.000336  -0.027659   0.004592  -0.020793  -0.004072  -0.039134   0.003521  -0.019511  -0.003080  -0.036686   0.057665   0.000175   0.111839   0.052985
        59  -0.023953  -0.030277  -0.014890   0.070858  -0.019241  -0.035121   0.008126  -0.009358   0.053203  -0.007978   0.030618   0.028509  -0.024793  -0.044233   0.037155  -0.018624
        60   0.008818  -0.012216  -0.009182  -0.002204  -0.052974  -0.037125  -0.017513  -0.009997   0.019567  -0.002550   0.002101   0.041892  -0.002302  -0.057877   0.163992  -0.032427
        61  -0.080422  -0.003834   0.015061   0.042304  -0.043379  -0.021558  -0.041591  -0.003240   0.014731   0.047574  -0.002769   0.079863  -0.004513  -0.048139   0.033780   0.016136
        62  -0.055614  -0.020175  -0.018675  -0.019119  -0.016493   0.017563  -0.003369  -0.023659  -0.027020   0.009529  -0.005027   0.026998   0.221938  -0.009337  -0.047403  -0.030135
        63   0.041584   0.020851  -0.001318   0.061692  -0.037412  -0.052804   0.051107   0.036690  -0.041623   0.047929  -0.117813   0.037033   0.073579  -0.036788  -0.033581  -0.049124
        64   0.034278  -0.027333  -0.028597   0.057780  -0.013366  -0.016506   0.012059  -0.003000  -0.048658   0.037890  -0.100757   0.009919   0.046183  -0.002296   0.023807   0.018597
        65   0.017789   0.045421  -0.009360  -0.035413   0.014333  -0.036052  -0.002378   0.015853  -0.001999  -0.057268  -0.012374  -0.021846   0.099635  -0.012684  -0.013754   0.010099
        66  -0.006290   0.077521   0.020257   0.038269   0.022949  -0.051556  -0.035166   0.003188   0.011245   0.001009  -0.026296  -0.023825   0.032156  -0.039385   0.019674  -0.043751
        67   0.032050  -0.054997  -0.057068   0.140076  -0.065037   0.009173  -0.040245   0.083699  -0.030564  -0.045631   0.042743   0.011922  -0.002646  -0.015669  -0.004428  -0.003377
        68  -0.031977  -0.055084  -0.023208   0.044070  -0.080141   0.057552  -0.042956  -0.041580  -0.027401  -0.023819  -0.043736   0.035958   0.115752   0.012590   0.074092   0.029887
        69   0.049682  -0.114557   0.024563   0.016545  -0.016400  -0.040779   0.032563   0.015855   0.000296  -0.041710  -0.004057   0.009663  -0.002409   0.038341   0.010428   0.021976