       pos     val_AA     val_AC     val_AG     val_AT     val_CA     val_CC     val_CG     val_CT     val_GA     val_GC     val_GG     val_GT     val_TA     val_TC     val_TG     val_TT
        37   0.000015   0.005670   0.002334   0.019205   0.002276  -0.022185   0.008342  -0.027852  -0.004125  -0.000362   0.018002  -0.001194   0.017567  -0.017318   0.035556  -0.035925
        38  -0.020646   0.016203   0.017358   0.002816  -0.011185  -0.027766  -0.063192   0.067946   0.024324   0.003826  -0.011858   0.047941   0.004270  -0.025852   0.023078  -0.047262
        39  -0.015428   0.050286  -0.003425  -0.034669  -0.007079   0.023330  -0.018365  -0.031476  -0.029588   0.006663  -0.010418  -0.001271   0.026023  -0.062618   0.026227   0.081809
        40  -0.032348  -0.009535  -0.000497   0.016307  -0.007326   0.023559   0.029921  -0.028494  -0.012080  -0.029621   0.004959   0.030761  -0.077447  -0.059736   0.102396   0.049180
        41  -0.057368  -0.003975  -0.005092  -0.062766  -0.031789  -0.045901  -0.009978   0.012334   0.105665   0.042773  -0.037555   0.025896   0.020121  -0.004543   0.037272   0.014903
        42  -0.034653   0.095939  -0.045138   0.020482   0.031858  -0.033735   0.007923  -0.017691  -0.018883   0.018236  -0.004195  -0.010510   0.024144  -0.034430   0.006932  -0.006279
        43   0.004271  -0.016524   0.004737   0.009982   0.051145  -0.022619   0.003926   0.013559  -0.031548   0.001587   0.010457  -0.014974   0.028087   0.016871  -0.042752  -0.016204
        44   0.025210  -0.000026   0.013940   0.012831  -0.009927  -0.016042  -0.021636   0.026919   0.030822  -0.027441  -0.031905   0.004893  -0.031339  -0.003611  -0.004905   0.032217
        45  -0.003654   0.013712  -0.000464   0.005172  -0.013932  -0.015244  -0.006124  -0.011820   0.011421  -0.020519  -0.020734  -0.014675   0.021571   0.023868   0.026247   0.005174
        46  -0.013503  -0.001826   0.039323  -0.008588   0.015998   0.005972  -0.011270  -0.008883  -0.030492   0.004185   0.013161   0.012071   0.017270  -0.015112  -0.016253  -0.002054
        47  -0.020086   0.022398  -0.004138  -0.008901   0.016159  -0.028822  -0.003108   0.008991  -0.013376   0.003965   0.013882   0.020490  -0.001984   0.003283   0.000078  -0.008831
        48  -0.007819  -0.008246  -0.009789   0.006569  -0.002888   0.021700  -0.021498   0.003512   0.006171  -0.009610   0.013104  -0.002952   0.019740  -0.010211   0.014931  -0.012712
        49  -0.001182   0.000079   0.002226   0.014081  -0.004075   0.001151  -0.011988   0.008545   0.011708  -0.023241   0.004694   0.003587  -0.004326   0.006137  -0.007862   0.000468
        50   0.016229   0.000798  -0.011639  -0.003263   0.009950   0.019986   0.000987  -0.046797  -0.042449   0.027182   0.011565  -0.009227   0.030456  -0.008806   0.009332  -0.004302
        51   0.012842   0.021607  -0.005058  -0.015205   0.005216   0.003746   0.021029   0.009168  -0.000534  -0.000880   0.003712   0.007946  -0.002544  -0.021415   0.015783  -0.055414
        52   0.000954   0.000347   0.009990   0.003690   0.000896   0.006205  -0.017142   0.013100   0.019232  -0.010049   0.018064   0.008220  -0.022987  -0.013789   0.003815  -0.020543
        53  -0.000226   0.001457   0.001868  -0.005004  -0.003884   0.010299  -0.025128   0.001426   0.021873  -0.028246  -0.005953   0.027053   0.002625   0.009154  -0.011472   0.004159
        54   0.027314  -0.005496  -0.015672   0.014241  -0.018081  -0.014882   0.010163   0.015463  -0.044232   0.006655  -0.003415   0.000306   0.008093   0.001894   0.014243   0.003404
        55   0.002601   0.000559  -0.016482  -0.013583  -0.001837  -0.001651  -0.012634   0.004295   0.021230  -0.013234   0.010834  -0.013509   0.012020   0.003486   0.007672   0.010235
        56   0.008019   0.006844  -0.005133   0.024284   0.003245  -0.004963  -0.013259   0.004138  -0.005235   0.001600  -0.003395  -0.003581  -0.002276  -0.006383  -0.003211  -0.000693
        57  -0.012863   0.005193  -0.012754   0.024176   0.012152  -0.024900  -0.022008   0.031853  -0.015828  -0.007039  -0.009929   0.007798  -0.007331   0.002174   0.001070   0.028235
        58   0.013579  -0.017411   0.001365  -0.021403   0.021323  -0.020611   0.017023  -0.042306   0.009373  -0.015915  -0.013560  -0.023520   0.005643   0.021379   0.055113   0.009927
        59  -0.004541   0.014363  -0.007701   0.047797  -0.007792  -0.021183   0.005530  -0.009113   0.032999  -0.029215   0.026773   0.029384  -0.060757   0.005446   0.008335  -0.030325
        60  -0.019771  -0.015886  -0.007789   0.003355  -0.020091  -0.027087  -0.011916   0.028505   0.000274  -0.001211   0.003183   0.030691   0.011803  -0.041126   0.085696  -0.018630
        61  -0.023734   0.009801  -0.006578  -0.007275  -0.040637  -0.015492  -0.031475   0.002295  -0.001486   0.031274   0.007353   0.032033   0.015981  -0.008949   0.019011   0.017878
        62  -0.023760  -0.007165  -0.020109   0.001157   0.024891  -0.011929   0.039282  -0.035610  -0.020795   0.018278  -0.041750   0.032577   0.092777  -0.046366   0.012662  -0.014141
        63   0.069700  -0.000784  -0.047075   0.051272  -0.001237   0.006656  -0.015548  -0.037052  -0.051489  -0.004099   0.019981   0.025693   0.140098  -0.050661  -0.066935  -0.038518
        64   0.025053   0.018901   0.019863   0.093254  -0.003289  -0.019798   0.006739  -0.032540  -0.013046  -0.035137  -0.037165  -0.024230   0.021309   0.005595   0.021476  -0.046984
        65  -0.008030   0.016317   0.011482   0.010258   0.005328  -0.051497  -0.012943   0.028673   0.013568   0.026528  -0.021514  -0.007669   0.047523  -0.011760  -0.021406  -0.024859
        66   0.010552  -0.002375   0.032044   0.018169   0.008198  -0.007916  -0.006441  -0.014253   0.012814   0.006898  -0.034157  -0.029936   0.024276   0.014267   0.004991  -0.037130
        67  -0.045424   0.018386  -0.035302   0.118180  -0.018096  -0.024595  -0.016714   0.070279   0.006621  -0.031368  -0.025823   0.047006   0.013704  -0.075094  -0.039996   0.038235
        68  -0.039471   0.016751  -0.025254   0.004779  -0.010585  -0.005095  -0.052015  -0.044976  -0.021680  -0.010443  -0.063061  -0.022650   0.100633   0.037220   0.080420   0.055427
        69  -0.004017  -0.012376   0.018725   0.026566  -0.027429   0.037867   0.018466   0.009531   0.005367  -0.059726  -0.011715   0.006164   0.022973  -0.049380   0.010067   0.008921