       pos     val_AA     val_AC     val_AG     val_AT     val_CA     val_CC     val_CG     val_CT     val_GA     val_GC     val_GG     val_GT     val_TA     val_TC     val_TG     val_TT
        37  -0.007463   0.000925  -0.019466  -0.003708  -0.011303  -0.021939   0.035973   0.011232  -0.018520  -0.001668   0.026836   0.005237   0.041271  -0.017757   0.006077  -0.025726
        38   0.009823  -0.020347  -0.003256   0.017763  -0.062346  -0.048724  -0.000185   0.070817  -0.013783  -0.025065   0.035275   0.052993   0.012618   0.037846  -0.007416  -0.056012
        39  -0.031711  -0.006934  -0.019072   0.004029  -0.020954  -0.001586  -0.031144  -0.002605   0.004908   0.017752   0.014517  -0.012759   0.005007  -0.019060   0.018838   0.080775
        40  -0.045887   0.032119  -0.052391   0.023409   0.033272   0.028086  -0.013832  -0.057354  -0.022184  -0.024558   0.001653   0.028227  -0.069631  -0.029545   0.123761   0.044855
        41  -0.075172  -0.027720  -0.010054   0.008516  -0.066463   0.069871  -0.026771   0.029464   0.098503  -0.017248  -0.015949  -0.006114   0.025123  -0.053956   0.060951   0.007019
        42  -0.055053   0.082354  -0.070528   0.025218   0.009077  -0.020050  -0.048012   0.029933   0.019153  -0.011776   0.013560  -0.012760   0.040555  -0.033482   0.050703  -0.018892
        43  -0.006979   0.044143  -0.002480  -0.020951   0.047222  -0.034619  -0.017463   0.021905  -0.011773  -0.012314   0.001526  -0.031715   0.010638  -0.002436   0.019926  -0.004628
        44   0.009855  -0.002700   0.024940   0.007013   0.028513  -0.015413   0.011458  -0.029784   0.013522  -0.016317  -0.013048   0.017352  -0.025592  -0.018968  -0.034188   0.043359
        45   0.004063   0.016418  -0.001899   0.007716  -0.004497  -0.028769  -0.005237  -0.014894  -0.019602   0.015124   0.026260  -0.032620   0.022156  -0.025318   0.046015  -0.004915
        46  -0.028325   0.002219   0.030822  -0.002598  -0.034145  -0.010671   0.022892  -0.000620   0.060609   0.016031  -0.024742   0.013239  -0.004911  -0.029554  -0.012613   0.002366
        47   0.022040  -0.028983  -0.002797   0.002969  -0.037002   0.006169  -0.003799   0.012659  -0.011892   0.036665  -0.022093   0.013680   0.009483   0.009246   0.009384  -0.015726
        48  -0.016938  -0.000048   0.028382  -0.028767  -0.018913   0.012539  -0.008527   0.037997   0.000486   0.004373  -0.032459   0.008293   0.024825  -0.016095   0.002974   0.001878
        49  -0.020596  -0.003757   0.010815   0.002998  -0.000174   0.014855  -0.019364   0.005452  -0.003522  -0.012208  -0.007216   0.013315   0.020223   0.027954  -0.007139  -0.021636
        50  -0.025221   0.024193   0.002382  -0.005423  -0.009378   0.028417   0.000683   0.007123   0.000473  -0.026721  -0.009745   0.013088   0.028445  -0.020604   0.004135  -0.011847
        51   0.009043   0.026123  -0.023687  -0.017160  -0.014497   0.015011  -0.010780   0.015552   0.002194   0.000001   0.004619  -0.009360   0.019613  -0.015630   0.025964  -0.027007
        52   0.017824   0.008753  -0.007118  -0.003106   0.004794   0.001474   0.009565   0.009672  -0.013927  -0.004554   0.013914   0.000684  -0.025374  -0.002680   0.004378  -0.014298
        53  -0.010607   0.024004  -0.031055   0.000974  -0.001696  -0.019435   0.028095  -0.003971   0.008028   0.015885  -0.000799  -0.002376  -0.004263  -0.004280  -0.004737   0.006232
        54   0.020340   0.004589  -0.024979  -0.008488   0.035745  -0.009071  -0.028706   0.018205  -0.037052  -0.006430   0.040344  -0.005357   0.022261  -0.003937  -0.011622  -0.005844
        55   0.005512  -0.006015   0.023549   0.018249   0.005421  -0.006405  -0.010112  -0.003752  -0.041014  -0.002198   0.007834   0.010416   0.004854   0.004197  -0.026566   0.016031
        56  -0.015464  -0.025499  -0.017564   0.033300  -0.014009  -0.000724  -0.009400   0.013712   0.005402  -0.006297   0.004583  -0.008983   0.023006   0.014310  -0.009961   0.013588
        57  -0.007962  -0.029886   0.013634   0.023149  -0.013347  -0.002780  -0.015705   0.013622  -0.027863  -0.014597  -0.010399   0.020517  -0.010676   0.034666  -0.005212   0.032839
        58  -0.018614   0.003454  -0.028443  -0.016245   0.000588  -0.007835   0.005821  -0.011171  -0.001971  -0.009861  -0.005790  -0.000059   0.018499   0.008630   0.060723   0.002276
        59   0.000982  -0.049615  -0.003102   0.050236  -0.004641  -0.005566   0.016575  -0.011980   0.008647  -0.038322   0.029460   0.032525  -0.021202   0.024046   0.015969  -0.044013
        60  -0.023415  -0.028022  -0.000500   0.035723   0.004413  -0.051285  -0.006528  -0.016056   0.017000  -0.016191   0.042795   0.015297   0.009892  -0.040289   0.075466  -0.018300
        61   0.012815  -0.008046  -0.022933   0.026052  -0.047499  -0.036143  -0.042710  -0.009435   0.033817   0.038322   0.003612   0.035483  -0.012519   0.032207   0.009834  -0.012857
        62  -0.001122   0.004785   0.011902  -0.028951   0.035652   0.024481  -0.000442  -0.033351  -0.031100  -0.000579  -0.032821   0.012303   0.110488  -0.013896  -0.019423  -0.037926
        63   0.077428   0.002238   0.015164   0.019088  -0.031032  -0.000168   0.058236  -0.012245  -0.030892   0.040536  -0.046146  -0.004281   0.139464  -0.089164  -0.058665  -0.079561
        64   0.047452   0.027754  -0.000693   0.080456  -0.005190  -0.015707  -0.005613  -0.020048  -0.033960   0.045998  -0.012168  -0.031282  -0.007594  -0.077677   0.011538  -0.003266
        65   0.025060   0.001056  -0.000337  -0.025071  -0.006003  -0.005242  -0.042939   0.034553   0.005926  -0.018000  -0.001175   0.006313   0.070602  -0.012175  -0.007305  -0.025261
        66   0.025385   0.040895   0.020274   0.009030   0.039308   0.005980  -0.091405   0.011756  -0.005605  -0.000156  -0.010593  -0.035403   0.016770  -0.009916   0.012146  -0.028467
        67   0.002956  -0.007718  -0.040499   0.121118  -0.043098  -0.018230   0.033089   0.065042  -0.008749  -0.052859  -0.031642   0.023671   0.017885  -0.064308  -0.023748   0.027088
        68   0.005085  -0.017477  -0.040073   0.021459  -0.011302  -0.013475  -0.082972  -0.035365  -0.021356  -0.026822  -0.050083   0.035461   0.077244   0.036539   0.079356   0.043781
        69  -0.037755  -0.007319   0.053308   0.041439  -0.014494  -0.011531   0.004322   0.000466  -0.006255  -0.076011  -0.008075  -0.003431   0.037264   0.004909   0.017051   0.006113