       pos     val_AA     val_AC     val_AG     val_AT     val_CA     val_CC     val_CG     val_CT     val_GA     val_GC     val_GG     val_GT     val_TA     val_TC     val_TG     val_TT
        37  -0.011123  -0.003601   0.026849  -0.017598  -0.025688  -0.023168  -0.019261   0.014932   0.004237   0.005904   0.029852   0.007928   0.031146  -0.018766  -0.025799   0.024159
        38  -0.017999  -0.002147   0.025503  -0.006785  -0.004584  -0.042306  -0.014255   0.021513  -0.011495   0.022385  -0.043851   0.044602  -0.008138  -0.057189   0.151415  -0.056667
        39  -0.044771   0.017842  -0.041935   0.026648   0.048469  -0.091528  -0.046294   0.010096  -0.038576   0.146429  -0.011235   0.022194  -0.005261  -0.038460   0.008951   0.037432
        40   0.041810   0.025040  -0.161717   0.054727  -0.027887   0.034180  -0.031460   0.059448   0.024108  -0.010636  -0.112224   0.008237  -0.030568  -0.038017   0.155916   0.009040
        41  -0.042834   0.064235  -0.021536   0.007600  -0.046007   0.056374  -0.051484   0.051686   0.167117  -0.104986  -0.136109  -0.075506   0.032815  -0.008971   0.054749   0.052861
        42  -0.003123   0.052203  -0.021987   0.083997   0.008765  -0.023999   0.037761  -0.015877   0.009757   0.011574  -0.085785  -0.089927  -0.006009  -0.051584   0.056105   0.038127
        43  -0.007577   0.048023  -0.028650  -0.002406   0.033644  -0.033765  -0.022222   0.010537   0.007230   0.018442  -0.034714  -0.004863   0.058649  -0.084472   0.074050  -0.031907
        44   0.050865   0.003930   0.015743   0.021409  -0.015098  -0.022230  -0.029841   0.015398   0.018278  -0.029160  -0.000429  -0.000225  -0.030067  -0.027623  -0.025956   0.055007
        45   0.016705   0.023327  -0.008031  -0.008022  -0.007959  -0.039434  -0.020791  -0.006898  -0.012987  -0.044561   0.019571  -0.002506  -0.013890  -0.052974   0.162640  -0.004188
        46  -0.004436  -0.021321   0.021755  -0.014129  -0.034582  -0.006945  -0.058111  -0.014004   0.006438   0.113216   0.014685   0.019051  -0.000695  -0.024328   0.008445  -0.005036
        47  -0.019217  -0.003167  -0.014814   0.003923   0.054142   0.013450  -0.013083   0.006114  -0.008686   0.022180  -0.049998   0.023278   0.007458  -0.008333   0.006751  -0.019995
        48  -0.022418   0.023872   0.013673   0.018571  -0.032465  -0.001599  -0.028722   0.086915  -0.014070  -0.057237  -0.004730   0.004892   0.034133  -0.000261  -0.010282  -0.010270
        49  -0.030877  -0.015353  -0.001682   0.013091   0.002124  -0.018269   0.007656  -0.026736  -0.015071  -0.004804  -0.016883   0.006697   0.037715   0.004140   0.038064   0.020187
        50  -0.058605   0.020827   0.013129   0.018542  -0.019103  -0.007343  -0.012062   0.004222  -0.016087   0.013753  -0.018325   0.047815   0.065692  -0.026715   0.000688  -0.026427
        51   0.028222   0.041936  -0.046417  -0.051844   0.009603   0.005181  -0.026254   0.011991  -0.013850  -0.000089  -0.004988   0.002355   0.022400  -0.016184   0.021709   0.016227
        52   0.011878   0.035343  -0.029629   0.028783   0.016025  -0.002626   0.000801   0.016644  -0.027703  -0.030272  -0.012397   0.014422   0.011328  -0.007614  -0.002137  -0.022848
        53  -0.013531   0.025066   0.008381  -0.008386   0.014333  -0.042884   0.027777  -0.004393  -0.030700  -0.009614  -0.007217   0.004170   0.016423   0.005246   0.009359   0.005971
        54  -0.004159  -0.005774  -0.035370   0.031826  -0.020480  -0.026087   0.046211  -0.021832   0.038631  -0.015977   0.019969  -0.004325   0.018136  -0.008353  -0.015072   0.002653
        55   0.017081   0.008792  -0.016154   0.022410  -0.016638  -0.017398  -0.026009   0.003855   0.025698  -0.014879  -0.004551   0.009471  -0.007546  -0.024356   0.008062   0.032162
        56  -0.006896   0.004192  -0.013074   0.034374  -0.015733  -0.007487  -0.019812  -0.004809   0.037744  -0.065018  -0.001424  -0.009954   0.021027   0.021413  -0.025816   0.051273
        57  -0.004575   0.004461  -0.013370   0.049626  -0.027072  -0.010876  -0.043538   0.034587  -0.048194  -0.012319  -0.025636   0.026023   0.025721  -0.020720  -0.021543   0.087425
        58  -0.023178  -0.007585   0.024895  -0.048254   0.052032  -0.038950   0.009890  -0.062427  -0.019033  -0.029093  -0.030978  -0.024983   0.070202  -0.011755   0.107639   0.031577
        59  -0.030675  -0.014250   0.046151   0.078798  -0.034146  -0.046535   0.002357  -0.009059   0.027189  -0.000161   0.044235   0.040183  -0.035226  -0.084128   0.041978  -0.026711
        60  -0.023989  -0.016509  -0.002899  -0.029461  -0.057922  -0.018490  -0.098263   0.029601   0.059684  -0.013133   0.021787   0.066383   0.006748  -0.061499   0.175399  -0.037438
        61  -0.049404  -0.046327   0.009014   0.071236  -0.035294  -0.023904  -0.048072  -0.002362  -0.003561   0.032518   0.016497   0.050571   0.009249  -0.035501   0.040773   0.014565
        62  -0.055216  -0.006271  -0.002510  -0.015013  -0.003206  -0.020041  -0.033273  -0.016694  -0.037761   0.010726   0.007892   0.037355   0.285378  -0.043246  -0.073467  -0.034655
        63   0.027098   0.082938   0.044283   0.034876  -0.032335   0.016221  -0.028321  -0.014397  -0.021696  -0.078012  -0.023849   0.022199   0.030512  -0.024053  -0.015413  -0.020053
        64  -0.002297  -0.034008  -0.010642   0.050528  -0.054651   0.011177   0.032278   0.008291   0.021242   0.033048  -0.070576  -0.007012  -0.018278   0.037126  -0.000050   0.003826
        65  -0.031859  -0.010117  -0.006298  -0.005711   0.077575  -0.006286  -0.007769  -0.016178   0.011908  -0.039602  -0.026269   0.004973   0.127530  -0.005161  -0.031921  -0.034816
        66   0.052763   0.082242   0.033197   0.016954  -0.029449   0.015180  -0.040416  -0.006482   0.016291  -0.032380  -0.039573  -0.016593   0.025435  -0.059275   0.008671  -0.026564
        67  -0.030066  -0.020546  -0.032243   0.147894  -0.072446  -0.029765  -0.003977   0.111954   0.032929  -0.022958  -0.047493  -0.000600  -0.002301  -0.000733  -0.009007  -0.020644
        68  -0.048971   0.011406  -0.024683  -0.009636  -0.039918  -0.006329  -0.036980   0.009226  -0.017573  -0.025078  -0.012836  -0.037232   0.106352   0.026530   0.058004   0.047717
        69  -0.013471  -0.031595   0.021559   0.023398   0.027187  -0.025050  -0.009963   0.014355   0.010448  -0.043194  -0.003193   0.019444   0.008998   0.014954  -0.013581  -0.000297