       pos     val_AA     val_AC     val_AG     val_AT     val_CA     val_CC     val_CG     val_CT     val_GA     val_GC     val_GG     val_GT     val_TA     val_TC     val_TG     val_TT
        37  -0.006372   0.013032   0.005137  -0.018025   0.014981  -0.017436  -0.013789  -0.027337   0.022570   0.011103   0.023638   0.019049   0.010152  -0.007325  -0.012616  -0.016763
        38   0.009863  -0.000614   0.033834  -0.001751  -0.004500  -0.026451  -0.020082   0.050407  -0.022527  -0.064035   0.017754   0.071179  -0.007782  -0.003372   0.038758  -0.070681
        39  -0.044714   0.009947  -0.005462   0.015284  -0.033762   0.009626  -0.016886  -0.053451   0.012764   0.056816  -0.007167   0.007851   0.004524  -0.025412   0.021523   0.048519
        40  -0.050888  -0.002193  -0.053738   0.045631   0.004544   0.011277   0.010526   0.024631  -0.012510   0.020591  -0.018259   0.002185  -0.061820  -0.078190   0.126399   0.031813
        41  -0.112607   0.016194   0.006928  -0.031189  -0.056082  -0.009298  -0.023919   0.040785   0.142565  -0.000557  -0.029934  -0.047146   0.056544  -0.043344   0.068955   0.022105
        42  -0.028393   0.072075  -0.091556   0.078293   0.043780  -0.038875   0.018399  -0.060309  -0.026793   0.042113   0.001891   0.004818  -0.004486  -0.030225   0.039132  -0.019866
        43  -0.042441   0.012715  -0.012754   0.026588   0.056642  -0.024967  -0.019064   0.032479   0.027349  -0.028394  -0.004186  -0.026902   0.079421  -0.069180   0.006293  -0.013598
        44   0.052635   0.016845   0.024138   0.027353  -0.039855  -0.054443  -0.029588   0.014060   0.044717  -0.015682  -0.023917  -0.034830  -0.019611  -0.015536   0.030805   0.022909
        45   0.017246   0.033086  -0.013810   0.001363  -0.007970  -0.019676  -0.033060  -0.008109   0.017689  -0.030315   0.018675  -0.004610  -0.010708  -0.020189   0.055726   0.004663
        46   0.012291   0.012028   0.005019  -0.013081  -0.002894  -0.008101  -0.005368  -0.020732  -0.022060   0.008162   0.013141   0.028288   0.005876  -0.005238   0.002040  -0.009371
        47  -0.007078   0.025241  -0.016183  -0.008767   0.013260   0.008894  -0.005210  -0.010093   0.001053   0.009676  -0.007120   0.011223   0.007431  -0.019103   0.005011  -0.008235
        48  -0.017661   0.034107  -0.014331   0.012551   0.000589   0.005321  -0.003105   0.021902  -0.006312   0.000052  -0.032778   0.015536   0.023084  -0.010740  -0.014750  -0.013466
        49  -0.012814  -0.015199   0.011864   0.015850   0.040018   0.004277  -0.005528  -0.010028  -0.018672   0.013594  -0.080518   0.020632  -0.000178  -0.006988   0.053515  -0.009825
        50  -0.004935   0.029882  -0.006036  -0.010558  -0.004853  -0.002868   0.014112  -0.010706  -0.024362  -0.005133  -0.014192   0.023020   0.044979  -0.013918   0.008974  -0.023407
        51  -0.011202   0.031582   0.010103  -0.019652   0.012306   0.008187  -0.020403   0.007873  -0.017159   0.003291   0.002506   0.014221   0.018626  -0.015796  -0.003225  -0.021256
        52  -0.004967   0.014342  -0.028404   0.021600   0.028027  -0.012278  -0.003202   0.014717  -0.004380  -0.042004   0.021386   0.013979  -0.006752   0.012031   0.000406  -0.024500
        53  -0.019644   0.019558   0.026375  -0.014362   0.018467  -0.001257  -0.059078   0.013958   0.011870  -0.006579  -0.022262   0.007156   0.008583   0.002452   0.007960   0.006802
        54   0.001664  -0.006911   0.024412   0.000110   0.006093  -0.010896   0.019028  -0.000050  -0.016813  -0.005476  -0.021072  -0.003643   0.014387  -0.003474  -0.001893   0.004535
        55  -0.000108   0.005928  -0.003837   0.003348  -0.013743  -0.006829   0.000536  -0.006721   0.034802  -0.010505   0.006383  -0.010205  -0.008302  -0.012715   0.015045   0.006924
        56   0.012095  -0.014839  -0.004441   0.019835  -0.005106  -0.006543  -0.013114   0.000642   0.039755   0.002289  -0.010240  -0.013677  -0.024065  -0.003760  -0.006272   0.027443
        57   0.012318  -0.007073  -0.009748   0.027181  -0.018959  -0.012038  -0.028620   0.036764  -0.026712  -0.011423  -0.017661   0.021728   0.002294   0.017139  -0.004186   0.018996
        58  -0.008184  -0.007300   0.017133  -0.032707   0.017827  -0.028433   0.003098  -0.005887  -0.001575  -0.019641  -0.012869  -0.026129   0.039652   0.001926   0.059397   0.003693
        59  -0.018459  -0.013265   0.023907   0.055537  -0.017460  -0.028947   0.003624  -0.010665   0.011807   0.032942  -0.007527   0.029537  -0.012769  -0.018917   0.003777  -0.033121
        60  -0.010417  -0.018022  -0.015708   0.007266  -0.007068  -0.027918  -0.002455   0.009253   0.007146  -0.002051   0.000547   0.018139   0.006640  -0.049487   0.111576  -0.027441
        61  -0.040423   0.002395  -0.011299   0.045628  -0.047173  -0.006092  -0.053169   0.008956   0.022321   0.033989  -0.013985   0.051635   0.013891  -0.016857   0.014953  -0.004770
        62  -0.021498   0.039194  -0.058155  -0.010924  -0.014952   0.033908   0.017243  -0.022765  -0.037076  -0.033496  -0.047549   0.054620   0.137636  -0.026046   0.016665  -0.026805
        63   0.056095  -0.007244   0.043465  -0.028207  -0.005462  -0.024837   0.041762   0.002097  -0.047119   0.035540  -0.053391  -0.006825   0.090182  -0.029076  -0.049877  -0.017103
        64   0.012455  -0.003999   0.001435   0.083806  -0.036974   0.005820   0.024221  -0.018685   0.026121  -0.021619  -0.032210   0.009668  -0.022881   0.024228  -0.013723  -0.037663
        65  -0.041238  -0.003962   0.024603  -0.000681   0.065625  -0.059922  -0.026331   0.025059   0.016152   0.012214  -0.026877  -0.021766   0.082511   0.001667  -0.019855  -0.027197
        66   0.018243   0.075606   0.036135  -0.006935  -0.014948  -0.004620  -0.001193  -0.029242   0.008601   0.003997  -0.019697  -0.041361   0.030331  -0.015417   0.012811  -0.052310
        67  -0.048892   0.004234  -0.027838   0.114723   0.035581  -0.029236  -0.015235   0.068456  -0.002508   0.008727   0.013896   0.007939  -0.012764  -0.104212  -0.036212   0.023341
        68  -0.028160   0.032329  -0.055888   0.023136  -0.006943  -0.049818  -0.032543  -0.031184   0.013854   0.004324  -0.051053  -0.032514   0.072902   0.020911   0.070796   0.049850
        69   0.012058   0.007281  -0.010787   0.043102  -0.016130  -0.041456   0.054901   0.010432   0.002576  -0.063292  -0.014007   0.006034   0.018077   0.014094  -0.012215  -0.010669