       pos     val_AA     val_AC     val_AG     val_AT     val_CA     val_CC     val_CG     val_CT     val_GA     val_GC     val_GG     val_GT     val_TA     val_TC     val_TG     val_TT
        37  -0.053917   0.011295   0.000948   0.000845  -0.018202  -0.026382   0.045722   0.028369  -0.013206   0.006013   0.020406  -0.010229   0.011953  -0.027110   0.029124  -0.005629
        38  -0.032819  -0.017952  -0.024941   0.002341  -0.005574  -0.053948  -0.040384   0.063723   0.022429   0.028146  -0.001963   0.047589  -0.005633  -0.022870   0.098555  -0.056698
        39  -0.044598   0.079046  -0.025651  -0.030393  -0.020021  -0.041972  -0.010684   0.006052   0.030927   0.060238  -0.064492   0.004594   0.020405  -0.076683   0.029121   0.084111
        40  -0.024768   0.048691  -0.046707   0.009497   0.066025  -0.015026  -0.039815   0.009446  -0.064587   0.000472  -0.015024   0.007434  -0.065067  -0.054401   0.141342   0.042489
        41  -0.067330  -0.017948  -0.017163   0.014044  -0.050549   0.020030  -0.056020   0.066275   0.118574   0.041157  -0.116609  -0.003326   0.033678  -0.036547   0.053950   0.017785
        42  -0.045301   0.090055  -0.038169   0.027788   0.063440  -0.021903   0.002584  -0.037430   0.009453  -0.008800  -0.121128  -0.015367   0.013040  -0.059918   0.065831   0.075825
        43  -0.003792   0.082715  -0.028991  -0.009300   0.053859  -0.047277  -0.004223  -0.002925  -0.028859  -0.021957  -0.014743  -0.025324   0.027535  -0.020987   0.042308   0.001960
        44   0.016743  -0.001018   0.020123   0.012897   0.006110  -0.016417  -0.044165   0.046967   0.088589  -0.033383  -0.030211  -0.030643  -0.080472  -0.009731  -0.043002   0.097615
        45   0.010289  -0.009358   0.008631   0.021406  -0.013846  -0.024939  -0.010399  -0.011366  -0.073431   0.003901  -0.011740  -0.015986   0.042724   0.002485   0.068745   0.012882
        46   0.000073  -0.022068  -0.001554  -0.010716   0.026390  -0.019328  -0.017020  -0.017952  -0.025557   0.032026   0.029208   0.019560   0.021199  -0.009273  -0.000298  -0.004691
        47   0.003724   0.039873  -0.013188  -0.008304   0.001654  -0.022136   0.003439  -0.001599  -0.015879  -0.018807   0.026220   0.018803  -0.006953   0.011500  -0.006787  -0.011557
        48  -0.018605  -0.000810  -0.049036   0.050995  -0.020904   0.017786   0.036577  -0.023030   0.001333  -0.025239   0.021764   0.011825   0.029339  -0.016607  -0.003431  -0.011960
        49  -0.007063   0.002731  -0.017645   0.013139  -0.081530   0.067224  -0.005516  -0.005048   0.018385  -0.052392   0.024302   0.015579   0.038294  -0.019263   0.002791   0.006009
        50  -0.028215  -0.002279  -0.011595   0.010176   0.000556   0.004629  -0.014200   0.007316  -0.042340   0.025799   0.020811  -0.000336   0.047667  -0.003545   0.003107  -0.017550
        51   0.033724   0.022096   0.010339  -0.088492  -0.023159  -0.013451   0.043754   0.017460  -0.020372  -0.003522   0.017385   0.004633   0.018721  -0.030116   0.004391   0.006609
        52   0.006373   0.003937  -0.027269   0.025874   0.006359  -0.030112  -0.017965   0.016726  -0.006182   0.085204   0.002298  -0.005452   0.030481  -0.066970  -0.000853  -0.022449
        53  -0.016653   0.058067   0.013361  -0.017745   0.033402  -0.080900   0.012055   0.027501   0.002309  -0.053822  -0.022273   0.029997   0.008517   0.014006  -0.010535   0.002710
        54   0.012716  -0.003879  -0.018667   0.037407  -0.028438  -0.029011  -0.015761   0.010562   0.027944   0.001121   0.007840  -0.044295  -0.001937  -0.001653   0.023438   0.022617
        55  -0.011550   0.015450  -0.024029   0.030414  -0.017716  -0.008500  -0.016070   0.008863   0.056249  -0.030925   0.014490  -0.042964  -0.006708  -0.016813   0.011278   0.038534
        56  -0.001079  -0.004224   0.000295   0.025283   0.000275  -0.017823  -0.022086  -0.001154   0.010532  -0.028206  -0.008916   0.012260  -0.035296   0.022824  -0.015788   0.063106
        57  -0.040091  -0.002561  -0.014800   0.031882  -0.010797  -0.050306  -0.019651   0.053323  -0.024220  -0.011326  -0.014749   0.003798  -0.009738   0.034171   0.001292   0.073770
        58  -0.036759  -0.013555  -0.003273  -0.031259   0.026457  -0.036109   0.065526  -0.085896   0.012575  -0.018984  -0.017822  -0.023676   0.037223   0.028418   0.057952   0.039181
        59  -0.046899  -0.000596   0.013063   0.073930  -0.010614  -0.038291   0.016583  -0.007906   0.055832  -0.042753   0.049169   0.040133  -0.045564  -0.048781   0.028660  -0.035965
        60  -0.047648  -0.020365   0.000251   0.020518  -0.081685  -0.028042  -0.045145   0.024452   0.009515  -0.005817   0.016020   0.087758   0.026627  -0.057645   0.129944  -0.028736
        61  -0.069840  -0.006536  -0.004991  -0.011825  -0.053487  -0.020455  -0.037619  -0.000309   0.048645   0.034690  -0.007347   0.025081   0.026989  -0.019192   0.028916   0.067280
        62  -0.032965  -0.035100   0.025453  -0.005081   0.074581  -0.047301   0.008854  -0.047626  -0.035171   0.021261  -0.039402   0.032271   0.198645  -0.097219   0.002854  -0.024052
        63   0.039754   0.015258   0.030823   0.119254  -0.043577  -0.073299  -0.032052  -0.009433  -0.039875   0.019496  -0.014199   0.032336   0.117644  -0.063148  -0.038554  -0.060431
        64   0.013343   0.007921  -0.015627   0.068311  -0.038403  -0.066327  -0.012796   0.015832  -0.013933  -0.029985   0.004672  -0.014734   0.039855  -0.000786   0.036566   0.006092
        65   0.018990  -0.008629  -0.001068  -0.008431  -0.007683  -0.058648  -0.030554   0.007707   0.022724  -0.019718  -0.012168   0.021976   0.102665  -0.003242  -0.006138  -0.017784
        66  -0.010238   0.068983   0.042686   0.035264   0.026473  -0.056107  -0.070994   0.010391   0.017668  -0.009585  -0.038926  -0.019085   0.038783  -0.041728   0.021760  -0.015346
        67  -0.042284  -0.020645  -0.026926   0.162542  -0.013408  -0.025938  -0.118164   0.119074  -0.042627  -0.036325  -0.028632   0.062111   0.019515  -0.037064   0.000128   0.028645
        68  -0.032675  -0.036918  -0.014707   0.005494  -0.046733  -0.035896  -0.025663  -0.011682  -0.070535  -0.047913  -0.056190   0.001045   0.141077   0.053681   0.096049   0.081564
        69   0.038608  -0.036890  -0.046756   0.036174  -0.026882  -0.023253  -0.032936   0.016027   0.030669  -0.057451   0.001171   0.025102   0.056946   0.016279  -0.011441   0.014636