       pos     val_AA     val_AC     val_AG     val_AT     val_CA     val_CC     val_CG     val_CT     val_GA     val_GC     val_GG     val_GT     val_TA     val_TC     val_TG     val_TT
        37  -0.010806   0.011688   0.022866  -0.007063  -0.071505   0.010661  -0.034180  -0.038706  -0.005317   0.016459   0.043619   0.002767   0.036962   0.011723   0.005984   0.004852
        38  -0.015937  -0.079269   0.022166   0.022372  -0.010229   0.006783  -0.008075   0.062051  -0.012922   0.005308  -0.008029   0.053932  -0.015498   0.003380   0.028029  -0.054063
        39   0.004825  -0.042187  -0.010438  -0.006785  -0.050312   0.021102   0.010413  -0.045000  -0.026953   0.063004  -0.016915   0.014953   0.040704  -0.032746  -0.001133   0.077467
        40   0.017609   0.007723  -0.047625  -0.009442  -0.046601   0.055515   0.008369  -0.008111  -0.019831  -0.013381  -0.010103   0.025243  -0.064417  -0.049763   0.118563   0.036253
        41  -0.066112   0.038001  -0.069890  -0.015238  -0.010142  -0.002200   0.006377   0.006060   0.110087  -0.024715  -0.008628  -0.007542   0.029698  -0.054632   0.066506   0.002369
        42  -0.026568   0.097959  -0.058999   0.051139  -0.045857   0.003684  -0.022162   0.020790  -0.007876   0.023794  -0.021627   0.000074  -0.009560  -0.015502   0.026276  -0.015564
        43  -0.014232  -0.028163  -0.007484  -0.039982   0.051913   0.010135   0.003571   0.044317   0.003812  -0.037536  -0.028615  -0.014175   0.041271  -0.004126   0.023717  -0.004424
        44   0.037780   0.017568   0.012565   0.014851   0.010152  -0.054323  -0.005182  -0.010337   0.010263  -0.016229  -0.008298   0.005453  -0.010046  -0.027129  -0.005235   0.028147
        45   0.025314  -0.002455   0.018472   0.006818  -0.007218  -0.020104  -0.034874  -0.017917  -0.008351  -0.005054   0.007985  -0.000729   0.006372   0.002270   0.027186   0.002285
        46  -0.017955   0.028367   0.011335  -0.005631  -0.003264  -0.007703  -0.017368   0.002992  -0.018293  -0.009197   0.009132   0.037127   0.011045  -0.012279  -0.009571   0.001263
        47   0.002241  -0.000390  -0.034508   0.004190  -0.014120   0.005538   0.006951   0.000819  -0.018405   0.013238  -0.020646   0.019341   0.019784   0.005314   0.018968  -0.008315
        48  -0.018287  -0.010054  -0.012810   0.030652   0.009798  -0.005169  -0.009126   0.028197  -0.011853   0.016626  -0.010770  -0.023239   0.030292  -0.018169   0.019355  -0.015442
        49  -0.008530   0.008749   0.006039   0.003692  -0.018377   0.000590  -0.003924   0.004945  -0.039432   0.018585   0.011099  -0.003603   0.019106  -0.017498   0.014751   0.003809
        50  -0.034593  -0.026560   0.005980   0.007939   0.006367   0.014306  -0.002708  -0.007538   0.010044   0.024384   0.000445  -0.006909   0.018781  -0.007393   0.011065  -0.013611
        51  -0.019261   0.036281  -0.015013  -0.001408  -0.002425   0.000955   0.014207  -0.008000  -0.004027   0.005414   0.009913   0.003482  -0.015181  -0.014784   0.014060  -0.004214
        52   0.004130  -0.043851  -0.007169   0.005997   0.007196  -0.001768   0.010310   0.012128   0.000214   0.036285  -0.015484   0.002152  -0.007668  -0.022040   0.032308  -0.012739
        53   0.048584  -0.001566  -0.045479   0.002333  -0.028141  -0.009925  -0.002760   0.009452  -0.001559   0.012979   0.012014  -0.003470  -0.010563   0.014889  -0.006532   0.009744
        54   0.009348   0.014847  -0.026028   0.010154   0.008145  -0.013298   0.015239   0.006292  -0.026017  -0.001467  -0.026561   0.011289   0.003038   0.004405   0.013859  -0.003243
        55  -0.003359   0.002762   0.003594  -0.008485   0.003150  -0.003804  -0.007036   0.012177  -0.002578  -0.016347   0.015511  -0.020078  -0.018628   0.013899  -0.015748   0.044969
        56   0.005737  -0.018362  -0.005384  -0.003405  -0.006790   0.006250  -0.008662   0.005712   0.014423  -0.006310   0.000049  -0.011841   0.013336   0.018239  -0.011816   0.008825
        57  -0.019296  -0.003062   0.004523   0.044541   0.009144  -0.020062  -0.026607   0.037342  -0.025858  -0.004380  -0.014958   0.019382  -0.022160  -0.002959   0.006329   0.018081
        58  -0.057528  -0.009435  -0.006540   0.015333  -0.019354  -0.021206   0.023305  -0.013208   0.016225  -0.009714  -0.009921  -0.027303   0.034685   0.007929   0.050277   0.026456
        59  -0.014226  -0.019209  -0.038256   0.045719  -0.012890  -0.013921   0.002932  -0.008547   0.007156  -0.029052   0.041053   0.037964   0.002542  -0.002452   0.021660  -0.020473
        60  -0.009096  -0.005298   0.007705  -0.010730  -0.011964  -0.037474  -0.012459  -0.002736  -0.003923   0.003483   0.004658   0.023170   0.008230  -0.041189   0.104731  -0.017109
        61  -0.021476  -0.006678  -0.008797   0.020198  -0.029441  -0.021608  -0.042875   0.013446   0.046528   0.031002  -0.014165   0.041271  -0.013160  -0.012440   0.007926   0.010269
        62  -0.012967  -0.021601   0.051621  -0.034602   0.004833   0.014279  -0.005400  -0.023436  -0.021544   0.010182  -0.074276   0.027727   0.116235   0.009941   0.001052  -0.042045
        63   0.059396  -0.032272   0.029418   0.030014  -0.026371   0.009467   0.008500   0.021205  -0.027604   0.034838  -0.033524  -0.000711   0.108059  -0.039559  -0.087318  -0.053537
        64   0.041630   0.000467  -0.010224   0.081607   0.027417   0.002607   0.004280  -0.061830  -0.022522  -0.061231  -0.010630   0.011458  -0.011800   0.016461   0.029281  -0.036971
        65   0.026868   0.015602  -0.002125  -0.005621   0.014852  -0.027793  -0.011445  -0.017310   0.009002   0.013449  -0.007137  -0.002606   0.054570  -0.017216  -0.024859  -0.018232
        66   0.012019   0.056633   0.027195   0.009444   0.022435  -0.015614  -0.008442  -0.014335   0.005675   0.000207  -0.022306  -0.029143   0.008685  -0.022539   0.016080  -0.045995
        67  -0.087848   0.008351   0.020141   0.108170  -0.009879  -0.004641  -0.027903   0.061110   0.012293  -0.042496   0.030462   0.012268   0.008331  -0.063536  -0.044924   0.020100
        68  -0.046630  -0.012293  -0.035816   0.017638  -0.033391  -0.008143  -0.047053  -0.013735   0.028167  -0.028384  -0.047930   0.025922   0.085166   0.013229   0.072886   0.030367
        69   0.032330  -0.035645   0.005331   0.031294   0.009919  -0.014984  -0.040372   0.009847  -0.000056  -0.046545  -0.016476   0.005162   0.015420   0.003752   0.020650   0.020369