       pos     val_AA     val_AC     val_AG     val_AT     val_CA     val_CC     val_CG     val_CT     val_GA     val_GC     val_GG     val_GT     val_TA     val_TC     val_TG     val_TT
        37  -0.012596   0.008104   0.017496  -0.001645  -0.036705  -0.020866   0.019551  -0.011580   0.004570   0.006145   0.021394   0.012476   0.018046  -0.011542  -0.017688   0.004842
        38  -0.025234  -0.020792   0.007003   0.012338   0.006738  -0.037810  -0.035165   0.048076  -0.023303   0.037308  -0.036482   0.063229  -0.002352  -0.060907   0.133119  -0.065768
        39  -0.030292   0.003214  -0.027104   0.010031   0.049692  -0.054025  -0.047098  -0.030769  -0.012078   0.106772  -0.054321   0.028104   0.018963  -0.033551   0.034997   0.037467
        40   0.036570   0.042660  -0.088533   0.035588  -0.001983   0.035119  -0.061671   0.050944  -0.014213  -0.017881  -0.063155   0.001722  -0.060210  -0.053938   0.118663   0.040317
        41  -0.101640   0.025314  -0.005957   0.042449  -0.042863   0.067023  -0.051268   0.033067   0.133107  -0.049034  -0.108878  -0.069889   0.043156  -0.030294   0.074618   0.041090
        42  -0.040411   0.069554  -0.076763   0.079380  -0.002544  -0.023021   0.037410   0.001164   0.008566   0.025005  -0.043928  -0.081129   0.012362  -0.056981   0.074886   0.016450
        43  -0.033229   0.023569   0.002002  -0.014369   0.046142  -0.033713  -0.026029   0.028156   0.017491   0.019314  -0.028561  -0.016639   0.071127  -0.080958   0.065841  -0.040144
        44   0.040440   0.011681   0.027882   0.021527  -0.016896  -0.043300  -0.063974   0.052382   0.032019  -0.015127   0.002230  -0.005869  -0.010759  -0.022087  -0.031059   0.020909
        45   0.023222   0.020139   0.001822  -0.000379  -0.013348  -0.032277  -0.011818  -0.011391  -0.029995  -0.035536   0.016404  -0.015793   0.011303  -0.035514   0.114667  -0.001507
        46   0.017225  -0.022205   0.004132  -0.007970  -0.030791  -0.019807  -0.026693  -0.005898  -0.017739   0.112678   0.022314   0.003823  -0.002977  -0.022287   0.002396  -0.006201
        47  -0.007555   0.016161  -0.044455   0.001568   0.044038   0.009141  -0.013642   0.008842  -0.012948   0.031282  -0.024415   0.008230   0.001522  -0.009342   0.002757  -0.011183
        48  -0.009149   0.029679  -0.009283   0.013810  -0.008062  -0.010509   0.005150   0.060663  -0.000064  -0.081846  -0.006897   0.009052   0.026228   0.004911  -0.002404  -0.021278
        49  -0.014484   0.000162   0.009288   0.013986  -0.008854  -0.014251  -0.018096  -0.016564  -0.020445  -0.004763   0.003108   0.008666   0.061252  -0.017885   0.015995   0.002885
        50  -0.016116   0.033176  -0.001692   0.002101  -0.012521  -0.011349   0.000139  -0.013006  -0.035016   0.014454  -0.010349   0.041206   0.051140  -0.017830   0.008718  -0.033055
        51   0.021286   0.019766  -0.024647  -0.028918   0.030236   0.008063  -0.035164   0.015316  -0.018942  -0.000636   0.003002   0.013394   0.011657  -0.005442   0.015471  -0.024441
        52   0.004444   0.036644  -0.014042   0.017190   0.018698  -0.013936   0.002543   0.014444  -0.004958  -0.006573  -0.038812   0.009003  -0.005412  -0.001799   0.007645  -0.025085
        53  -0.007707   0.026099   0.004621  -0.010240   0.010119  -0.037393   0.031705   0.009906  -0.003640  -0.030411  -0.006986  -0.001628   0.002242   0.015975  -0.004975   0.002311
        54  -0.007334  -0.006070   0.000947   0.013472  -0.015118  -0.030122   0.031744  -0.012232   0.014944  -0.001060   0.017083  -0.006602   0.008084  -0.003251  -0.006971   0.002488
        55   0.001827   0.008656  -0.021265   0.011358  -0.008651  -0.008382  -0.015121  -0.008350   0.015218  -0.008530   0.013054   0.023061   0.009221  -0.012051   0.001351  -0.001395
        56  -0.020920   0.018315  -0.010830   0.031049  -0.005351  -0.002883  -0.011851  -0.000221   0.044868  -0.049500   0.006259  -0.023608  -0.005224   0.010496  -0.007531   0.026932
        57  -0.008076  -0.010188  -0.008550   0.040186  -0.008065  -0.005454  -0.030950   0.020897  -0.021867  -0.004808  -0.017765   0.020488  -0.001131   0.010391  -0.004558   0.029450
        58  -0.007357  -0.012426   0.027131  -0.046488   0.036270  -0.034222   0.003735  -0.015843   0.000222  -0.018998  -0.014521  -0.028525   0.040635  -0.002303   0.060975   0.011713
        59  -0.007524   0.004904   0.027099   0.045292  -0.019675  -0.032958  -0.005091  -0.010224   0.035039  -0.001754   0.017694   0.026342  -0.020218  -0.070740   0.040427  -0.028611
        60  -0.008550  -0.017447   0.015117  -0.001498  -0.028896  -0.015698  -0.056711   0.000756   0.026840  -0.000950   0.028645   0.025594   0.007892  -0.047784   0.100275  -0.027586
        61  -0.020423  -0.027298  -0.009472   0.054479  -0.033216  -0.018005  -0.044547   0.013891   0.008093   0.036172  -0.008421   0.051482   0.020224  -0.024476   0.019961  -0.018442
        62  -0.033227   0.002731   0.023048  -0.017875  -0.002942  -0.008260  -0.009240  -0.013164  -0.044420  -0.022987  -0.017751   0.042679   0.239604  -0.030102  -0.071983  -0.036110
        63   0.032653   0.104201   0.009273   0.012887  -0.019139   0.016069  -0.009769  -0.045779  -0.037640  -0.071671  -0.018125   0.051509   0.074773  -0.061775  -0.002490  -0.034978
        64   0.022291  -0.029471  -0.011456   0.069284  -0.087036   0.020761   0.051376   0.001724   0.022318   0.032821  -0.045681  -0.030569  -0.009272   0.003613   0.019053  -0.029755
        65  -0.006188  -0.054655  -0.005423   0.014567   0.087083  -0.017474  -0.005450  -0.036435   0.006753  -0.009463  -0.021019   0.037022   0.065527   0.005381  -0.023689  -0.036535
        66   0.046389   0.045322   0.038658   0.022805  -0.023275   0.009790  -0.049302  -0.013425   0.006245  -0.026524  -0.020536  -0.014765   0.022518  -0.047483   0.019965  -0.016382
        67   0.004473  -0.041396  -0.033501   0.122301  -0.061065  -0.042235  -0.023402   0.107807   0.022753  -0.022644  -0.035678   0.024354  -0.016174  -0.005146  -0.013061   0.012614
        68  -0.018904   0.010967  -0.028824  -0.013253  -0.050831  -0.021186  -0.049414   0.010010  -0.044633   0.017638  -0.043463  -0.035182   0.114511   0.019481   0.076233   0.056851
        69  -0.016598  -0.005243   0.012324   0.009661   0.012071  -0.011320   0.003235   0.022915   0.009337  -0.058132  -0.008315   0.011643   0.024258   0.014948  -0.018576  -0.002204