       pos     val_AA     val_AC     val_AG     val_AT     val_CA     val_CC     val_CG     val_CT     val_GA     val_GC     val_GG     val_GT     val_TA     val_TC     val_TG     val_TT
        37  -0.040691  -0.002190  -0.011047  -0.032844  -0.010064  -0.029522   0.028599   0.056527  -0.016860  -0.002164   0.018775   0.008082   0.083472  -0.022805  -0.038236   0.010972
        38   0.032892   0.009919  -0.027404   0.000448  -0.035231  -0.059651  -0.016171   0.054371  -0.006194   0.019805  -0.063267   0.047746  -0.011898   0.026878   0.105595  -0.077839
        39  -0.039360   0.070750  -0.064469   0.012650   0.013292   0.039686  -0.071795   0.015769   0.008851  -0.013088  -0.005080   0.008071   0.006355  -0.074450   0.013322   0.079496
        40  -0.029824   0.060843  -0.053308   0.011428  -0.004104   0.033961  -0.034677   0.027719  -0.053519  -0.078847  -0.025544   0.029889  -0.036513  -0.019525   0.132381   0.039643
        41  -0.067495  -0.023774  -0.032784   0.000092  -0.071264   0.065866  -0.061751   0.063579   0.108620  -0.018782  -0.107815   0.036828   0.043073  -0.035915   0.077821   0.023701
        42  -0.042890   0.077259  -0.047496   0.026062   0.022781  -0.030696  -0.022403   0.017714   0.049209  -0.023107  -0.058784  -0.091846   0.024141  -0.051993   0.093640   0.058410
        43  -0.020276   0.108777  -0.007971  -0.027290   0.038964  -0.038730  -0.045575   0.016804  -0.029966  -0.065494   0.067932  -0.007515   0.032633  -0.026647  -0.017373   0.021727
        44   0.005251  -0.002995   0.018192   0.000906   0.021203  -0.031039   0.035020  -0.047278  -0.007496  -0.009563  -0.002029   0.016100  -0.023235  -0.029738  -0.044400   0.101101
        45  -0.018541   0.022866  -0.022207   0.013607  -0.022839  -0.032672  -0.003499  -0.014323  -0.028700  -0.005181   0.065118  -0.024453  -0.011570   0.002645   0.078279   0.001474
        46  -0.014269  -0.085990   0.007234   0.011374  -0.030792   0.021965   0.008052  -0.011569   0.105259   0.073183  -0.078013   0.017260   0.012060  -0.041263   0.001728   0.003780
        47   0.000257   0.024583   0.050614  -0.003196   0.030246  -0.014720  -0.074870   0.027238  -0.052940   0.024215  -0.047401   0.015127   0.004806   0.024255   0.010217  -0.018432
        48  -0.002953   0.040323   0.010556  -0.065557  -0.037174   0.055652  -0.063326   0.103182  -0.004921  -0.065396  -0.020383   0.029261   0.030812  -0.020522   0.020527  -0.010081
        49  -0.013077  -0.013428   0.008208   0.004060  -0.041901   0.043692   0.005831   0.002434  -0.015585   0.032346  -0.066966  -0.002421   0.055589  -0.024263   0.026070  -0.000593
        50  -0.061208   0.069903  -0.003545  -0.020123  -0.002587   0.030524  -0.002645   0.013056   0.017011  -0.064328  -0.010223   0.030684   0.037852  -0.032089   0.003013  -0.005296
        51  -0.020996   0.030921   0.004239  -0.023096   0.005548   0.022134  -0.029747   0.006074   0.012041  -0.004089   0.002494  -0.023846   0.005123  -0.028181   0.053150  -0.011772
        52   0.003155   0.055684  -0.049872  -0.007250   0.005210  -0.000949   0.005337   0.011189  -0.002945   0.014168   0.027723  -0.008809  -0.039478  -0.035292   0.021596   0.000536
        53  -0.023036   0.050233  -0.071597   0.010342   0.011819   0.001067   0.032337  -0.011613   0.034059  -0.025219  -0.009412   0.005355  -0.008844  -0.018024   0.010004   0.012530
        54   0.003935   0.017780  -0.037743   0.030026   0.037457  -0.004460  -0.008072  -0.016870  -0.048467  -0.022228   0.021581   0.010444   0.034249  -0.006121  -0.013621   0.002109
        55   0.002294  -0.011103   0.020790   0.015193   0.015922  -0.008111  -0.019498  -0.003342  -0.069593   0.005806  -0.013557   0.039489   0.043748  -0.005685  -0.058685   0.046330
        56  -0.017030  -0.013857  -0.023885   0.047145  -0.010970  -0.018557  -0.011303   0.021738  -0.024289  -0.018770   0.008444  -0.036334   0.040886   0.021833  -0.007109   0.042061
        57  -0.030036  -0.028844   0.006438   0.041038  -0.034947   0.014806   0.002873  -0.012084  -0.028810  -0.013224  -0.013090   0.021270  -0.009623   0.023708  -0.013230   0.073756
        58  -0.027852   0.012504  -0.029805  -0.058261   0.009490  -0.013583   0.027198  -0.026657   0.008428  -0.011619  -0.009999  -0.003822   0.027537   0.007481   0.056695   0.032265
        59  -0.017523  -0.009964  -0.000407   0.045497   0.008462  -0.015469   0.011552  -0.009762   0.008809  -0.029206   0.023315   0.041172  -0.030915   0.030365  -0.016782  -0.039143
        60  -0.041763  -0.041429   0.006541   0.045483   0.011305  -0.041861   0.044330  -0.038049   0.037715  -0.004963  -0.021459   0.006384   0.014892  -0.046694   0.087170  -0.017603
        61   0.040341   0.000776  -0.017832  -0.001136  -0.043624  -0.035806  -0.038255  -0.017262   0.027509   0.054696   0.002394   0.031984  -0.062314  -0.007050   0.017631   0.047948
        62  -0.014709  -0.019262   0.027910  -0.032027   0.119965  -0.060841  -0.011064  -0.035444  -0.027650   0.003282  -0.027888   0.016194   0.184857  -0.045402  -0.053078  -0.024841
        63   0.042663   0.139319   0.013953   0.066527  -0.049990  -0.024052   0.020482  -0.068664  -0.045932  -0.043137   0.007014   0.017934   0.098102  -0.055398  -0.054686  -0.064136
        64   0.005224   0.011023  -0.024550   0.053148   0.022487  -0.060990   0.062243  -0.007008   0.043728  -0.029308  -0.015919  -0.011737  -0.004824   0.008265  -0.061804   0.010024
        65   0.069983   0.047471   0.018663  -0.069503  -0.009718  -0.019013  -0.052174   0.009894  -0.010947  -0.058425  -0.008394   0.037735   0.072685  -0.005850  -0.003475  -0.018933
        66   0.024758   0.039639   0.020064   0.037543   0.048939  -0.016371  -0.093847   0.025463  -0.006694  -0.014339  -0.006228  -0.018118  -0.006334  -0.048593   0.018621  -0.004503
        67  -0.022373  -0.006027  -0.061592   0.150661  -0.043221  -0.070702  -0.026375   0.100633  -0.000496  -0.060429  -0.042597   0.042131   0.028654  -0.017036   0.004075   0.024693
        68  -0.006488  -0.002838  -0.031862   0.003752  -0.055430  -0.048439  -0.037081  -0.013244  -0.029789  -0.105125  -0.043585   0.052009   0.105086   0.075007   0.086894   0.051131
        69  -0.041444  -0.025374   0.034563   0.045635  -0.014510  -0.062114   0.007567  -0.012338   0.022767  -0.074929   0.012735   0.013794   0.089929  -0.047150   0.026975   0.023896