       pos      val_A      val_C      val_G      val_T
        37  -0.142154   0.218524  -0.101248   0.024877
        38   0.173302  -0.365820  -0.427306   0.619823
        39   0.218415   0.076489   0.318006  -0.612909
        40  -0.115640   0.310852   0.555345  -0.750557
        41   0.985120   1.246233  -1.830598  -0.400756
        42  -0.633306   0.819026  -0.494257   0.308538
        43   0.720019  -0.811882   0.489465  -0.397602
        44  -0.617407   0.414092   0.272251  -0.068937
        45  -0.202251   0.239702   0.115004  -0.152456
        46   0.007451   0.044329  -0.151807   0.100028
        47  -0.015581   0.056260  -0.142833   0.102154
        48   0.030085   0.055701  -0.005848  -0.079939
        49  -0.180992   0.326418   0.011271  -0.156696
        50   0.305858  -0.011214  -0.065301  -0.229344
        51  -0.522054   0.189114  -0.041394   0.374335
        52  -0.006028  -0.157197  -0.145042   0.308269
        53   0.072218   0.046327  -0.008534  -0.110012
        54  -0.008280  -0.097766   0.179951  -0.073906
        55  -0.227782   0.075123   0.156763  -0.004103
        56   0.060578   0.060986  -0.100828  -0.020735
        57  -0.102258   0.072781   0.157737  -0.128262
        58   0.156514   0.147591   0.196216  -0.500320
        59  -0.433040   0.263792  -0.342413   0.511662
        60   0.149099   0.224155  -0.331705  -0.041549
        61   0.012654   0.785986  -0.808527   0.009887
        62   0.213697   0.163443  -0.239585  -0.137554
        63  -0.319960   0.946999   0.218583  -0.845623
        64  -1.158515   0.520002   0.359427   0.279085
        65   0.027127   0.389394   0.262920  -0.679442
        66  -0.738832   0.060242   0.226469   0.452121
        67  -0.627534  -0.280802   0.428159   0.480178
        68   0.124050   0.794556   0.145630  -1.064237
        69  -0.508957   0.340212  -0.065964   0.234709
        70  -0.203928   0.490151  -0.012051  -0.274172