       pos     val_AA     val_AC     val_AG     val_AT     val_CA     val_CC     val_CG     val_CT     val_GA     val_GC     val_GG     val_GT     val_TA     val_TC     val_TG     val_TT
        37  -0.044969   0.014732   0.024221  -0.009231  -0.014701  -0.009686   0.006524  -0.027345  -0.005992   0.004335   0.039737   0.019751   0.033234  -0.012282   0.026659  -0.044987
        38  -0.033270  -0.038908  -0.001620   0.041370  -0.033726  -0.033563  -0.042060   0.106449  -0.006663   0.002202   0.023054   0.078548   0.004820   0.012133  -0.016055  -0.062712
        39  -0.041204   0.010533  -0.022874  -0.015295   0.004620  -0.023482  -0.024002  -0.015270   0.001892  -0.023001  -0.021048   0.005476   0.039895  -0.040233   0.039893   0.124100
        40  -0.000468  -0.022474   0.021434   0.006711  -0.030977   0.016412   0.000132  -0.061750  -0.024364  -0.034537   0.000530   0.030339  -0.058257  -0.008444   0.117985   0.047728
        41  -0.069343  -0.007911  -0.028328  -0.008484  -0.063692   0.021473  -0.014234   0.007409   0.112414   0.025484  -0.014990   0.017173   0.029480  -0.029636   0.032979  -0.009796
        42  -0.033986   0.108864  -0.062791  -0.003227   0.008924   0.006304   0.001041  -0.006859  -0.002805  -0.015615  -0.013791   0.007640   0.026185  -0.008954  -0.006928  -0.004001
        43   0.009547   0.011648  -0.022088  -0.000789   0.066673  -0.016452   0.005182   0.035196  -0.026709  -0.028479  -0.007446  -0.019835   0.003856   0.015441  -0.026348   0.000604
        44   0.026862  -0.001286   0.008767   0.019023   0.005326  -0.023794  -0.022493   0.023121  -0.001330  -0.016079  -0.020600  -0.012691  -0.006772  -0.003330  -0.000235   0.025512
        45  -0.013655   0.051970  -0.015205   0.000975   0.000824  -0.020077  -0.014895  -0.010341   0.015805  -0.036516   0.000279  -0.014129   0.002928   0.008687   0.038917   0.004432
        46  -0.001156   0.007230   0.000648  -0.000820   0.016411  -0.014902  -0.002682   0.005236  -0.010666  -0.003203   0.016839   0.006127  -0.002451  -0.010854  -0.005847   0.000089
        47  -0.009192   0.015877  -0.001167  -0.003381  -0.008305  -0.012085   0.003121  -0.004460   0.018787  -0.029011   0.016340   0.002843   0.003386   0.002304   0.010942  -0.005998
        48  -0.009071   0.005129   0.012114  -0.003495  -0.003413  -0.002155  -0.016527  -0.000822  -0.011149  -0.002012  -0.000887   0.043284   0.010954  -0.007824   0.007536  -0.021662
        49  -0.016398   0.002938  -0.001922   0.002702  -0.007653  -0.005173   0.012936  -0.006973  -0.009706  -0.007134   0.012551   0.006526   0.017611  -0.000419   0.005133  -0.005020
        50  -0.016187  -0.004245   0.006513  -0.002228   0.000674  -0.012723   0.001250   0.001012  -0.008184   0.026467   0.009785   0.000631   0.015163  -0.004020   0.007308  -0.021215
        51  -0.038728   0.012289   0.008247   0.009657  -0.022155   0.009242   0.015440   0.002952  -0.006105   0.008459   0.006507   0.015995   0.017415  -0.007411   0.001208  -0.033012
        52  -0.014358  -0.019730  -0.021569   0.006083   0.007981   0.006717   0.000541   0.007340  -0.006521   0.012606   0.014181   0.011136   0.001297  -0.010451   0.025256  -0.020510
        53  -0.010621   0.004569  -0.004973  -0.000576   0.004351  -0.009439  -0.017168   0.011398  -0.012376   0.014468   0.009675   0.006643   0.002179   0.003351  -0.007827   0.006346
        54  -0.004173  -0.004381   0.006060  -0.013973   0.021898  -0.002326  -0.012044   0.005420  -0.031832   0.002547  -0.003300   0.012292   0.005006   0.004500   0.005929   0.008377
        55   0.005622  -0.000770   0.003195  -0.017149   0.001016  -0.001217  -0.007737   0.008279  -0.011157  -0.008637   0.017850  -0.001411  -0.020739   0.000270   0.006256   0.026329
        56  -0.002817  -0.016603  -0.010702   0.004865   0.000936  -0.007170  -0.006482   0.002360  -0.007283   0.001023  -0.000893   0.026717   0.009923  -0.000026  -0.006405   0.012557
        57  -0.014534   0.000144  -0.004330   0.019478  -0.006926  -0.003832  -0.012480   0.000463  -0.023880  -0.002695  -0.016384   0.018476   0.008053   0.008375   0.003918   0.026152
        58  -0.026774  -0.004503   0.006033  -0.012044   0.006266  -0.026322   0.035421  -0.013374   0.012826  -0.008111  -0.008326  -0.025664   0.023900   0.011121   0.039941  -0.010392
        59  -0.013895  -0.015298  -0.003359   0.048770  -0.005443  -0.020642   0.007249  -0.008978  -0.014259   0.020404   0.030915   0.036009  -0.019176  -0.021244   0.009282  -0.030337
        60  -0.016348  -0.022301  -0.011282  -0.002841  -0.006436  -0.026226   0.002748  -0.006865   0.011597   0.000648  -0.012668   0.044510   0.011848  -0.041563   0.089608  -0.014429
        61  -0.016466  -0.009776   0.004420   0.022483  -0.018610  -0.026436  -0.021349  -0.023047  -0.002701   0.019349   0.014346   0.037412   0.030068  -0.000213   0.029728  -0.039208
        62   0.018489  -0.010979   0.010878  -0.026097   0.020707  -0.028124   0.012308  -0.021966   0.058199   0.005752  -0.055482   0.018677   0.011545  -0.037030   0.016976   0.006149
        63   0.000428   0.045970   0.040301   0.022241   0.009495  -0.036747  -0.046046   0.002917  -0.040471   0.051363  -0.046025   0.019812   0.179817  -0.067367  -0.061009  -0.074677
        64   0.039646   0.024575  -0.004886   0.089932   0.013459   0.011769  -0.004179  -0.027829  -0.037594  -0.039754   0.020138  -0.055571  -0.025865  -0.003826  -0.014210   0.014195
        65   0.010105  -0.024883   0.004838  -0.000416   0.027786   0.012049  -0.038508  -0.008565   0.011609  -0.021507  -0.005391   0.012153   0.060981  -0.008598  -0.014022  -0.017634
        66   0.026854   0.031631   0.025287   0.026710  -0.001104  -0.015579  -0.019085  -0.007170  -0.001981  -0.004103  -0.020863  -0.026135   0.022153  -0.011953   0.010912  -0.035574
        67  -0.007387  -0.024285  -0.062217   0.139812  -0.039375  -0.035680  -0.017087   0.092140  -0.043635   0.009162  -0.012399   0.043122   0.015617  -0.060983  -0.038667   0.041863
        68  -0.046534  -0.017809  -0.015134   0.004697  -0.020466  -0.016319  -0.076846   0.001844  -0.013661  -0.038050  -0.055835  -0.022824   0.108621   0.055047   0.098189   0.055079
        69   0.021623  -0.005258  -0.024094   0.035689   0.020453  -0.028554  -0.017053   0.008021  -0.000489  -0.052358  -0.005733   0.008956   0.038234  -0.014819   0.001961   0.013422