       pos     val_AA     val_AC     val_AG     val_AT     val_CA     val_CC     val_CG     val_CT     val_GA     val_GC     val_GG     val_GT     val_TA     val_TC     val_TG     val_TT
        37  -0.025887   0.011422   0.036450  -0.015539  -0.027267  -0.019063  -0.012367  -0.010308  -0.003563   0.000690   0.038366   0.021685   0.034086  -0.015226  -0.015606   0.002131
        38  -0.057358   0.022904  -0.004206   0.016028  -0.022484  -0.055272  -0.047545   0.103123  -0.048184  -0.005166   0.017296   0.082896   0.026901   0.019090   0.044472  -0.092494
        39  -0.011105  -0.012166  -0.065564  -0.012290   0.000085   0.015138  -0.042178   0.008511  -0.044836   0.085070  -0.032829   0.002613   0.035339  -0.077839   0.039439   0.112615
        40   0.001016  -0.018825   0.004575  -0.007282   0.011637   0.059396  -0.029535  -0.031294  -0.061948  -0.086200   0.028334   0.018682  -0.072735  -0.017549   0.141926   0.059808
        41  -0.067010  -0.001852  -0.032708  -0.020461  -0.073905   0.010778  -0.022799   0.022747   0.106420   0.028443  -0.038000   0.048436   0.035017  -0.038496   0.049435  -0.006044
        42  -0.053035   0.111220  -0.058779   0.001114   0.045619  -0.001675  -0.020349  -0.024724   0.019763  -0.018332  -0.023622  -0.021881   0.035745  -0.028306  -0.017280   0.054518
        43   0.001134   0.086639  -0.062470   0.022791   0.063696  -0.024961  -0.001308   0.025482  -0.029491  -0.019960  -0.016902  -0.053676   0.021560  -0.027156  -0.026918   0.041541
        44   0.030123   0.001539   0.010370   0.014868   0.052900  -0.037542  -0.017122   0.016325  -0.039328  -0.029772  -0.000333  -0.038164  -0.019543  -0.002751  -0.037316   0.095748
        45   0.013387   0.000044   0.007352   0.003369  -0.011203  -0.024868  -0.020375  -0.012082  -0.022320  -0.028347   0.017414  -0.011150   0.016644   0.012858   0.045858   0.013416
        46  -0.014572   0.001208  -0.003146   0.013020   0.019706  -0.033371  -0.033160   0.006514   0.019807   0.020210  -0.005013   0.015247  -0.005200  -0.010165   0.003975   0.004943
        47  -0.017631   0.027893  -0.004479   0.013958  -0.014055  -0.008048   0.001671  -0.001687   0.026633  -0.027346  -0.041588   0.004955   0.016179   0.007930   0.024312  -0.008697
        48  -0.024280   0.008721   0.007669   0.019016  -0.016011  -0.000462  -0.023608   0.040511  -0.021375  -0.011264  -0.006174   0.018730   0.018865  -0.000190   0.011926  -0.022073
        49  -0.028960  -0.001776  -0.012757   0.000691   0.000846  -0.000430   0.005908  -0.009520  -0.022957  -0.020987   0.032931   0.000827   0.022733   0.014945   0.006969   0.011537
        50  -0.025437  -0.012410   0.010669  -0.001160  -0.018781   0.002769  -0.001067   0.008831  -0.002406   0.024574   0.012472  -0.001589   0.029756  -0.012999   0.003404  -0.016627
        51  -0.041230   0.017921   0.015721  -0.009281   0.014094   0.018017  -0.017784  -0.012393  -0.007990   0.010827   0.014756   0.007884  -0.016248  -0.014796   0.009571   0.010930
        52  -0.049078  -0.010280  -0.015095   0.023079   0.017106   0.005159   0.002130   0.007575   0.031724  -0.031894   0.009688   0.012748   0.002305   0.015443  -0.013076  -0.007533
        53  -0.004652   0.001325   0.013553  -0.008170   0.001899  -0.016455  -0.020892   0.013875   0.000640  -0.031428   0.007982   0.006452   0.002677   0.012843   0.008756   0.011593
        54   0.023083   0.000575   0.008467  -0.031561  -0.022085  -0.018669   0.005833   0.001208   0.057809  -0.015505  -0.038666   0.005761  -0.001645  -0.000515   0.010056   0.015854
        55   0.036101  -0.000171   0.016779   0.004454  -0.018027  -0.005848  -0.006588  -0.003651   0.044956  -0.022942  -0.033789  -0.002534  -0.033675  -0.008546  -0.034823   0.068306
        56  -0.006258   0.025469  -0.003076   0.013217  -0.010238  -0.020396  -0.012343   0.005468  -0.020089  -0.006186  -0.007846  -0.024302   0.026370  -0.023938  -0.012698   0.076843
        57  -0.011404  -0.025066  -0.001980   0.028236  -0.003275   0.007643  -0.016043  -0.013376  -0.023759  -0.010421  -0.019534   0.017751   0.005369  -0.023563  -0.002625   0.092046
        58  -0.002623  -0.012864   0.008340  -0.025922  -0.001211  -0.026578   0.017176  -0.040794   0.018195  -0.015233  -0.012582  -0.030561   0.007290   0.001333   0.078663   0.037372
        59  -0.027417  -0.003838   0.001560   0.051346  -0.007428  -0.038394   0.000767  -0.008287   0.011861  -0.003442   0.043944   0.039234  -0.031312  -0.010400   0.016795  -0.034988
        60  -0.019676  -0.033022  -0.004374   0.002777  -0.030996  -0.025027  -0.016169   0.016119   0.014585  -0.004123  -0.002687   0.055291   0.018461  -0.054546   0.097538  -0.014148
        61  -0.058014   0.008065  -0.012756   0.045078  -0.056634  -0.025412  -0.036512   0.001839   0.003342   0.008698  -0.003585   0.065852   0.013044  -0.023841   0.016494   0.054341
        62  -0.056389  -0.030878  -0.003914  -0.007081   0.135047  -0.085405  -0.034697  -0.047435  -0.012291  -0.001748  -0.046778   0.024458   0.275497  -0.041430  -0.048871  -0.018087
        63   0.045435   0.082955   0.088029   0.125445  -0.032118  -0.070293  -0.026556  -0.030493  -0.063555  -0.028414  -0.061375   0.019085   0.169449  -0.063504  -0.088903  -0.065186
        64   0.033520   0.012058  -0.009023   0.082656  -0.008584  -0.017055  -0.026839  -0.026779  -0.065980  -0.017226  -0.008581   0.002982   0.061928  -0.015509  -0.000281   0.002713
        65   0.015028  -0.001082   0.012826  -0.005888   0.011172  -0.025603  -0.040255   0.016954   0.009951  -0.043140  -0.023325   0.011792   0.080066   0.002052  -0.006863  -0.013684
        66   0.049191   0.056092  -0.054327   0.065262  -0.001191  -0.036506  -0.038228   0.008150   0.006730  -0.018674  -0.027854  -0.017821   0.032720  -0.024839   0.014776  -0.013482
        67  -0.042016  -0.010145  -0.023807   0.163419  -0.034532  -0.076230  -0.050623   0.137459  -0.025458  -0.075428  -0.065839   0.061092   0.033756  -0.029088  -0.009597   0.047037
        68  -0.014983  -0.026585  -0.015078  -0.011605  -0.057415  -0.063532  -0.062847  -0.007097  -0.032542  -0.046555  -0.050901  -0.019868   0.140322   0.079164   0.110455   0.079066
        69   0.015234  -0.042141   0.017131   0.045160   0.001173  -0.053381  -0.011614   0.006313   0.008626  -0.048181  -0.002487   0.023670   0.037605  -0.028738   0.022678   0.008951