       pos     val_AA     val_AC     val_AG     val_AT     val_CA     val_CC     val_CG     val_CT     val_GA     val_GC     val_GG     val_GT     val_TA     val_TC     val_TG     val_TT
         3   0.098269  -0.009447  -0.004789   0.022274  -0.059063  -0.026736  -0.060403  -0.012474  -0.030092  -0.035488  -0.036585  -0.029311   0.058807   0.008500  -0.009464   0.126001
         4   0.034164  -0.005198   0.023426   0.015532  -0.034648  -0.000599  -0.021145  -0.006776  -0.022035  -0.042591  -0.028366  -0.018252   0.001538   0.013419   0.003414   0.088118
         5  -0.020075   0.004203  -0.031788   0.026678  -0.060434   0.004688   0.005817   0.014959  -0.016684   0.009697  -0.023339   0.007654   0.014419  -0.015497   0.037802   0.041898
         6  -0.032566  -0.030371  -0.034465   0.014628  -0.011964  -0.021305   0.010688   0.025672   0.014723  -0.005161  -0.072142   0.051072  -0.001633  -0.028062   0.118142   0.002745
         7   0.013894   0.000944  -0.003285  -0.042993  -0.023884  -0.002325   0.003281  -0.061971  -0.008243  -0.012573  -0.041164   0.084203   0.012653   0.011623   0.104185  -0.034343
         8   0.025308  -0.010196  -0.013351  -0.007341  -0.008705   0.002483  -0.018803   0.022692   0.036414   0.031782  -0.047873   0.042693  -0.054080  -0.058048   0.098362  -0.041336
         9  -0.014651  -0.011986   0.025481   0.000092  -0.017421  -0.034596   0.022485  -0.004447   0.158660  -0.011635  -0.064257  -0.064434   0.003583  -0.036083   0.041934   0.007272
        10  -0.027327   0.085699  -0.005092   0.076890  -0.007713  -0.080461   0.010320  -0.016445   0.063242  -0.020093  -0.011127  -0.006378  -0.022577  -0.032078  -0.016987   0.010126
        11  -0.006640   0.016611   0.035079  -0.039425   0.007424  -0.044864  -0.001228  -0.008263  -0.012552   0.007053  -0.000627  -0.016758   0.012053   0.092424  -0.033940  -0.006344
        12   0.020302   0.026391  -0.048823   0.002416  -0.022052   0.033172  -0.007555   0.067659   0.031372  -0.043324   0.000808   0.010428  -0.046263  -0.009231  -0.017660   0.002364
        13   0.007295   0.002804  -0.004627  -0.022114   0.021529  -0.006974  -0.019974   0.012426  -0.008598  -0.047652  -0.031738   0.014757   0.033550   0.012563   0.018305   0.018448
        14  -0.004436   0.014944   0.040335   0.002932  -0.003149  -0.017233   0.010486  -0.029363  -0.021555  -0.012841   0.022982  -0.026622  -0.007906  -0.004915  -0.002136   0.038473
        15  -0.011600  -0.010800   0.016209  -0.030854  -0.038274  -0.016413   0.018206   0.016438   0.063161   0.010461   0.000413  -0.002366  -0.026815  -0.005576   0.009399   0.008414
        16  -0.071878  -0.001490  -0.040598   0.100437  -0.010408  -0.015540   0.006059  -0.002441   0.007203   0.016997  -0.032679   0.052705   0.007053   0.017299  -0.016812  -0.015910
        17  -0.030113  -0.084615  -0.041283   0.087983  -0.009198  -0.086186  -0.020600   0.133252  -0.032166  -0.034898  -0.016609  -0.000356  -0.005844   0.129852  -0.038954   0.049738
        18  -0.053001   0.031413  -0.048062  -0.007673   0.100269  -0.064155  -0.103392  -0.008571  -0.071462  -0.019816  -0.048503   0.022334  -0.118811   0.000040   0.336399   0.052988
        19  -0.044644   0.099988  -0.123809  -0.074540   0.007000  -0.018023  -0.028267  -0.013227   0.111801   0.067899  -0.037523  -0.005733  -0.028214  -0.005561   0.023238   0.069616
        20   0.068932   0.028735  -0.032424  -0.019301   0.195087  -0.093031   0.085091  -0.042845   0.002706  -0.040408  -0.066148  -0.062512   0.032280  -0.028519   0.037339  -0.064982
        21   0.078460   0.070105   0.062208   0.088232   0.010107  -0.060782  -0.088401   0.005854   0.008588  -0.016572   0.010561   0.021281  -0.027804  -0.071846  -0.053266  -0.036724
        22   0.077607  -0.011258  -0.019069   0.022071  -0.032237  -0.029884  -0.048349   0.031375  -0.007834  -0.068007  -0.023512   0.030455   0.023518   0.014959  -0.039265   0.079431
        23   0.062308  -0.016770  -0.050393   0.065909  -0.036896  -0.021366  -0.034762  -0.001166  -0.019401  -0.008318  -0.070580  -0.031895   0.050594   0.004167  -0.055605   0.164176