       pos     val_AA     val_AC     val_AG     val_AT     val_CA     val_CC     val_CG     val_CT     val_GA     val_GC     val_GG     val_GT     val_TA     val_TC     val_TG     val_TT
         3   0.065634  -0.093732  -0.067271   0.080778  -0.066239   0.039076   0.035731  -0.020841  -0.028755   0.063809  -0.085158  -0.051520   0.044109  -0.001880  -0.000837   0.087097
         4   0.018028  -0.008379   0.008776  -0.003677  -0.020102   0.070395  -0.085362   0.042341  -0.014957  -0.098948  -0.026434   0.022803   0.003269  -0.031474  -0.013187   0.136906
         5   0.014768  -0.010827  -0.022034   0.004332  -0.043377  -0.143129   0.108633   0.009465  -0.076089   0.013671  -0.055294   0.001505   0.098681   0.025393   0.054748   0.019551
         6   0.031822   0.003678  -0.058906   0.017389  -0.035660  -0.036120  -0.011192  -0.031918   0.126430   0.075674  -0.039406  -0.076644  -0.014644  -0.029204   0.082307  -0.003605
         7  -0.010489   0.072071   0.074171  -0.027806   0.049967  -0.007680   0.007538  -0.035798   0.019245  -0.019007  -0.058287   0.030850   0.002049  -0.075480  -0.002697  -0.018649
         8   0.010303  -0.037791  -0.057441   0.145702  -0.021851  -0.038209  -0.018405   0.048370   0.046399  -0.034868  -0.024687   0.033882  -0.020183  -0.001953   0.045666  -0.074933
         9  -0.030767  -0.083352   0.056697   0.072089  -0.053997  -0.046495  -0.018225   0.005897   0.080977   0.018526  -0.063882  -0.090489   0.039075   0.040690  -0.007149   0.080404
        10  -0.035901   0.026577   0.000574   0.044039  -0.027737  -0.026126  -0.008636  -0.008132  -0.085458   0.045339  -0.020207   0.027768   0.047566   0.000717   0.025591  -0.005973
        11  -0.000907  -0.028661  -0.063187  -0.008775   0.045095  -0.012222   0.015582  -0.001948   0.005471   0.036154  -0.030397  -0.013907  -0.049335   0.095574   0.007938   0.003524
        12  -0.015906   0.126727  -0.097550  -0.012947   0.007932  -0.056592   0.110091   0.029413   0.039191  -0.070993  -0.085976   0.047713  -0.035792   0.018304   0.007060  -0.010677
        13  -0.009688  -0.025044  -0.034429   0.064588   0.006816  -0.054981   0.010738   0.054875   0.014965   0.048241  -0.018999  -0.110581   0.048710  -0.021299   0.003104   0.022986
        14   0.027785   0.029125   0.021033  -0.017140  -0.020206   0.003011   0.028710  -0.064598  -0.076420  -0.049380   0.047221   0.038994  -0.006364   0.056358  -0.005874  -0.012252
        15  -0.023747  -0.048549   0.070353  -0.073264  -0.012779  -0.037789  -0.021860   0.111539   0.058857   0.017640   0.013560   0.001033  -0.039962   0.013083  -0.039836   0.011719
        16  -0.011356  -0.033557  -0.015757   0.043040  -0.021055   0.002214  -0.018400  -0.018373  -0.032645   0.082874  -0.035742   0.007730   0.052399   0.023694  -0.011349  -0.013717
        17   0.022619  -0.053480  -0.039642   0.057846  -0.027655  -0.083878   0.160728   0.026030   0.088171  -0.045974  -0.117985  -0.005459  -0.033419   0.074954  -0.061385   0.038529
        18  -0.002160  -0.000158   0.038362   0.013672   0.035793  -0.048128  -0.092027  -0.004016  -0.026489   0.025578  -0.007394  -0.049979  -0.079362   0.019840   0.147697   0.028771
        19  -0.055004   0.076461  -0.084969  -0.008707   0.043713  -0.017140  -0.034608   0.005167   0.065324   0.052622  -0.018264  -0.013043  -0.047946  -0.007075   0.031391   0.012078
        20  -0.019425   0.086469  -0.080412   0.019455   0.121561  -0.064158   0.076530  -0.029064   0.014876  -0.057776  -0.043597  -0.019952  -0.027542   0.017689   0.058379  -0.053031
        21  -0.014781   0.052316   0.037277   0.014657   0.038087  -0.053233  -0.049440   0.046810  -0.008407  -0.013576  -0.011575   0.044457   0.008643  -0.039866  -0.018496  -0.032873
        22   0.038262   0.004732  -0.030376   0.010924  -0.017459  -0.006869  -0.027980  -0.002052  -0.028105  -0.066188  -0.004221   0.056280   0.024112  -0.029646   0.038755   0.039831
        23   0.008513  -0.005942  -0.033246   0.047487  -0.025689   0.035327  -0.102536  -0.005073  -0.035192   0.059438  -0.009341  -0.038725   0.049082  -0.019488  -0.054555   0.129943