       pos     val_AA     val_AC     val_AG     val_AT     val_CA     val_CC     val_CG     val_CT     val_GA     val_GC     val_GG     val_GT     val_TA     val_TC     val_TG     val_TT
         3   0.060575   0.034361   0.023582   0.007641  -0.090878  -0.064446   0.059611  -0.023301  -0.050762   0.029235  -0.024899  -0.017724   0.041850  -0.036359  -0.025823   0.077334
         4   0.026958  -0.031825  -0.038719   0.004372  -0.018865  -0.021059  -0.014991   0.017705  -0.050197   0.001043   0.058488   0.023138   0.012666   0.007657   0.022513   0.001115
         5  -0.030516   0.019893  -0.027404   0.008588  -0.022557   0.012877  -0.050994   0.016491   0.030475  -0.010491  -0.040281   0.047589   0.013622   0.036047  -0.044330   0.040992
         6   0.012486   0.063157  -0.015022  -0.069598   0.002475   0.005040   0.022904   0.027907  -0.105366   0.045138  -0.073061  -0.029721  -0.010264  -0.039085   0.149686   0.013323
         7  -0.060695  -0.031053  -0.013130   0.004209  -0.052668   0.086637   0.067615  -0.027334   0.037627  -0.002498  -0.026166   0.075543  -0.013336  -0.025540  -0.008658  -0.010554
         8  -0.044786   0.029189  -0.008178  -0.065297  -0.008627   0.004151  -0.015674   0.047696   0.028723   0.007209   0.021433  -0.037704  -0.001827  -0.067260   0.106652   0.004299
         9  -0.069172   0.002588   0.053016  -0.012949  -0.043197   0.021662   0.013846  -0.019022   0.159154   0.010521  -0.039561  -0.025880   0.032132  -0.076499   0.003155  -0.009794
        10  -0.038581   0.066411  -0.002184   0.053270   0.061949  -0.056048  -0.024198  -0.023430   0.012188   0.011405  -0.009106   0.015968  -0.037885   0.023275  -0.044936  -0.008098
        11  -0.034771   0.027535   0.043098  -0.038192   0.022336   0.026079   0.001187  -0.004558  -0.055059   0.027391  -0.035149  -0.017607   0.025170  -0.001443   0.033031  -0.019046
        12   0.020633  -0.070784  -0.019769   0.027595   0.050369   0.001168   0.018977   0.009048  -0.000037  -0.038968   0.057657   0.023515  -0.006520  -0.013418  -0.034626  -0.024839
        13  -0.031106   0.064075   0.014839   0.016636  -0.000481  -0.051367  -0.061317  -0.008838  -0.014057  -0.014512   0.014573   0.036234   0.033928   0.008081   0.028791  -0.035479
        14  -0.005145   0.017768   0.018602  -0.042941  -0.001019   0.021892  -0.009889  -0.004707   0.030286   0.003160  -0.016966  -0.019594  -0.001509  -0.003512   0.016563  -0.002989
        15  -0.033001  -0.046457   0.120275  -0.018204  -0.062731  -0.038495   0.075052   0.065481   0.046196   0.017517  -0.010168  -0.045234  -0.000926   0.039968  -0.033664  -0.075609
        16   0.010599  -0.134158   0.000480   0.072617  -0.066113  -0.004242   0.038571   0.004317   0.068347   0.029092   0.029179   0.024877   0.028147  -0.025049  -0.106351   0.029686
        17   0.055320   0.029259  -0.007257  -0.036341   0.007129  -0.073210  -0.047293  -0.020982  -0.007518  -0.009246  -0.012593  -0.008763  -0.069926   0.187369   0.007264   0.006791
        18  -0.005623  -0.055664   0.064223  -0.017931   0.076979   0.017878  -0.007657   0.046972  -0.095819  -0.023579   0.051541   0.007978  -0.012450  -0.040750   0.012409  -0.018505
        19   0.005552   0.137950  -0.105552  -0.074863  -0.036351  -0.041100  -0.071587   0.046923   0.004957   0.040226   0.010971   0.064362   0.017362   0.032603   0.003509  -0.034961
        20  -0.029785   0.057066  -0.024311  -0.011451   0.119109   0.007656   0.057642  -0.014729  -0.013898  -0.059005  -0.042690  -0.047065   0.007216   0.019195  -0.033261   0.008310
        21  -0.071732   0.111427   0.056280  -0.013333   0.045954  -0.061426   0.033086   0.007299  -0.034274   0.007861  -0.040581   0.024375   0.015901  -0.051388  -0.009295  -0.020153
        22   0.010864  -0.031268   0.016424  -0.040171  -0.017319  -0.008942  -0.028836   0.061570  -0.013714  -0.000930  -0.029672   0.083807   0.016465  -0.035035   0.043265  -0.026508
        23   0.027184  -0.052570  -0.035628   0.057310  -0.003118  -0.031500  -0.048560   0.007004   0.020228   0.042507  -0.011280  -0.050274  -0.019464  -0.010432   0.031095   0.077501