       pos     val_AA     val_AC     val_AG     val_AT     val_CA     val_CC     val_CG     val_CT     val_GA     val_GC     val_GG     val_GT     val_TA     val_TC     val_TG     val_TT
         3   0.056958  -0.028139   0.012378   0.014756  -0.050574  -0.026068  -0.023375  -0.025440  -0.037018   0.072414  -0.015918  -0.022214   0.035507  -0.032597  -0.013835   0.083169
         4   0.012584  -0.020936   0.010358   0.002866   0.007802  -0.054731   0.016517   0.016021  -0.007674  -0.007290  -0.032401   0.006614  -0.025932   0.029230  -0.042687   0.089660
         5  -0.009590  -0.011705   0.003927   0.004147  -0.016660  -0.064840   0.039473  -0.011700  -0.137350   0.051755   0.038565  -0.001182   0.052065   0.093534  -0.044505   0.014066
         6  -0.007509  -0.038360  -0.003070  -0.062596  -0.095783   0.064206   0.003493   0.096827   0.117529  -0.074819  -0.048281   0.043032  -0.057719  -0.028047   0.044919   0.046178
         7  -0.053438   0.009536  -0.027299   0.027720  -0.092710  -0.008564   0.031817  -0.007561  -0.014995   0.012852  -0.015425   0.014629   0.106061   0.025624   0.041939  -0.050181
         8   0.121542  -0.125864  -0.009418  -0.041344   0.025756   0.018939  -0.032128   0.026880   0.032574   0.026670  -0.064397   0.036184  -0.015156   0.016711   0.022121  -0.039070
         9  -0.024918   0.081621   0.096427   0.011587  -0.045609   0.023289  -0.017862  -0.023361   0.053327  -0.041882  -0.031300  -0.063968   0.015326  -0.090966   0.035647   0.022642
        10  -0.012175   0.038810  -0.024451  -0.004057  -0.106537   0.011943   0.017238   0.049419   0.045171   0.114575  -0.022301  -0.054532   0.107809  -0.107708  -0.002087  -0.051113
        11   0.106869  -0.099448   0.056079  -0.029232   0.072856   0.015887  -0.013682  -0.017443  -0.036081   0.038398  -0.023505  -0.010415  -0.015630  -0.001333  -0.065098   0.021777
        12   0.056579   0.025996   0.022286   0.023154  -0.000210   0.031001  -0.084981   0.007692   0.034775  -0.066571  -0.032818   0.018409  -0.036707  -0.000908   0.005792  -0.003489
        13   0.033761   0.009436  -0.041559   0.052800   0.013911  -0.069965   0.058133  -0.012561  -0.030951   0.044673  -0.031536  -0.071907   0.038490  -0.008014   0.004270   0.011019
        14   0.004589   0.016431   0.014168   0.020023  -0.018705  -0.001207   0.014645  -0.018603  -0.034015  -0.011722   0.049695  -0.014650   0.045698  -0.098456   0.016212   0.015897
        15   0.012176   0.005209  -0.004288  -0.015531  -0.124063  -0.003971  -0.011285   0.044365   0.060556   0.013820   0.028115  -0.007772   0.060005  -0.009497   0.003148  -0.050988
        16  -0.057314  -0.046299   0.009298   0.102989   0.020913   0.008545  -0.015091  -0.008806  -0.075329   0.017175   0.076278  -0.002434   0.001884   0.016964  -0.047067  -0.001707
        17  -0.069694  -0.067119  -0.031649   0.058616   0.009764  -0.047716  -0.039879   0.074217   0.047669   0.002404  -0.045561   0.018907  -0.013946   0.060253  -0.006484   0.050220
        18  -0.009030   0.013281  -0.031004   0.000546   0.017931  -0.025085  -0.032683  -0.012339  -0.004925  -0.039915  -0.087445   0.008712  -0.052062   0.073624   0.155010   0.025388
        19  -0.044983   0.071756  -0.062466  -0.012394   0.052845   0.001609  -0.039993   0.007443  -0.063334   0.056028   0.019849  -0.008666   0.011908   0.022537   0.000526  -0.012664
        20  -0.006307   0.064322  -0.118863   0.017284   0.194003  -0.098100   0.125288  -0.069260  -0.042875   0.043753  -0.057055  -0.025906   0.051385  -0.142946   0.127411  -0.062131
        21   0.001248   0.057566   0.068217   0.069173   0.031939  -0.028356  -0.102053  -0.034503   0.021550  -0.077047   0.043948   0.088328  -0.022284  -0.036644  -0.043402  -0.037683
        22   0.048106  -0.006684   0.006300  -0.015269  -0.032005  -0.043515  -0.035060   0.026099   0.023477  -0.093560   0.020126   0.016667   0.006794   0.105935  -0.063052   0.035639
        23   0.005385   0.037426  -0.017448   0.021009   0.018642   0.057043  -0.079747  -0.033763  -0.050859   0.142679  -0.122761  -0.040746   0.002825   0.035135  -0.054364   0.079539