       pos     val_AA     val_AC     val_AG     val_AT     val_CA     val_CC     val_CG     val_CT     val_GA     val_GC     val_GG     val_GT     val_TA     val_TC     val_TG     val_TT
         3  -0.036309  -0.004781  -0.056328   0.044681  -0.005442   0.016831   0.077051  -0.013546  -0.058809  -0.036640  -0.049505  -0.013958   0.051762  -0.004463   0.003139   0.086317
         4  -0.009079  -0.038882   0.053098  -0.053935  -0.013821  -0.006809  -0.022890   0.014467  -0.010820  -0.007249  -0.042239   0.034666   0.030753   0.002105   0.016963   0.053674
         5  -0.016254  -0.003757  -0.010612   0.027656   0.004114  -0.031876   0.024551  -0.047626   0.051389  -0.020734  -0.018619  -0.007106  -0.028541   0.046657   0.039047  -0.008291
         6   0.043181  -0.002351  -0.048802   0.018680  -0.011299   0.020788  -0.010629  -0.008570   0.052346  -0.008512  -0.031306   0.021840  -0.022987  -0.029038  -0.020130   0.036788
         7   0.062689   0.015588  -0.004044  -0.012991  -0.050840   0.019715   0.015036  -0.003025  -0.070214   0.005885  -0.031731  -0.014806   0.037129  -0.006485   0.018300   0.019794
         8   0.034646   0.000153  -0.008001  -0.048035   0.017972  -0.030404   0.017048   0.030087  -0.000054   0.002585  -0.033008   0.028038  -0.012581   0.025147  -0.041705   0.018112
         9  -0.054108   0.096974  -0.022016   0.019133  -0.021769   0.019284  -0.036074   0.036041   0.031183  -0.029237  -0.038829  -0.028783   0.019205   0.024197   0.045358  -0.060557
        10   0.024586  -0.034083  -0.047372   0.031380   0.062239   0.047343   0.016865  -0.015230  -0.026120   0.015787  -0.036390  -0.004838   0.067956  -0.049751  -0.030408  -0.021964
        11   0.062184   0.036616  -0.013197   0.043059  -0.029481   0.059246  -0.030230  -0.020239  -0.014854  -0.012285  -0.037665  -0.032501   0.021848   0.012331  -0.060798   0.015967
        12  -0.004842   0.008555  -0.026516   0.062501  -0.016722   0.076682   0.043635  -0.007687  -0.034165   0.011319  -0.024465  -0.094580   0.035235  -0.015180  -0.052179   0.038409
        13   0.033090   0.001029  -0.008828  -0.045786   0.020437  -0.024393   0.064663   0.020669  -0.047862   0.001022   0.038522  -0.051208  -0.003868   0.034473  -0.034193   0.002231
        14  -0.000769  -0.036507  -0.037059   0.076131   0.008188   0.041539  -0.029097  -0.008500  -0.039431   0.040389   0.016401   0.042807   0.006097   0.000712  -0.051722  -0.029179
        15  -0.006127  -0.004373   0.012890  -0.028304  -0.022672  -0.003252  -0.029251   0.101310  -0.052461  -0.031934  -0.040449   0.023367   0.030931  -0.013920   0.017222   0.047026
        16   0.050315  -0.097097  -0.040657   0.037110  -0.048060   0.066519  -0.088611   0.016671   0.001215  -0.020280   0.038106  -0.058629   0.037049   0.048677   0.026263   0.031408
        17  -0.022876   0.023354  -0.044584   0.084624   0.013097  -0.047928  -0.021816   0.054466  -0.001673  -0.013795  -0.000065  -0.049365   0.011103  -0.039179  -0.010187   0.064823
        18  -0.003573   0.003315   0.047228  -0.047319  -0.039159  -0.036159  -0.038843   0.036613  -0.034341   0.017978  -0.034390  -0.025899   0.021710   0.025103   0.088811   0.018924
        19  -0.060986  -0.004328   0.056791  -0.046839   0.022777  -0.017491  -0.036399   0.041348   0.001173   0.045363   0.004436   0.011835  -0.065658  -0.039834   0.008159   0.079652
        20  -0.114816  -0.026853  -0.004735   0.043710   0.019304  -0.036949   0.031653  -0.030299   0.030658   0.067704  -0.003796  -0.061579   0.046431   0.045672   0.022012  -0.028118
        21  -0.001802   0.031591  -0.065496   0.017283   0.002507   0.008490   0.035659   0.002918   0.030835  -0.025742   0.044005  -0.003964   0.023938  -0.011309  -0.059245  -0.029670
        22  -0.018943   0.036081   0.021032   0.017309   0.084190   0.004038  -0.068228  -0.016970  -0.026401  -0.010038   0.024641  -0.033279  -0.020980   0.020022   0.029173  -0.041647
        23  -0.010023   0.051572  -0.000011  -0.023672  -0.042664   0.065871   0.031759  -0.004864  -0.016814   0.011796  -0.001716   0.013350  -0.022194  -0.007107  -0.003335  -0.041950