       pos     val_AA     val_AC     val_AG     val_AT     val_CA     val_CC     val_CG     val_CT     val_GA     val_GC     val_GG     val_GT     val_TA     val_TC     val_TG     val_TT
         3   0.061419   0.047728   0.044604  -0.066526  -0.068917  -0.019669  -0.045184   0.002676  -0.056990   0.050648  -0.014211  -0.004169   0.050002  -0.043132  -0.012170   0.073890
         4   0.012406  -0.008085  -0.015197  -0.003610  -0.007154  -0.009269   0.033258   0.018742  -0.045608   0.051170   0.030483  -0.063007   0.002225  -0.044723   0.029548   0.018822
         5  -0.047990   0.000811  -0.003293   0.012340  -0.003824  -0.005772   0.020023  -0.021334  -0.041129   0.002917   0.116772  -0.000469   0.034675  -0.038247  -0.056469   0.030989
         6  -0.052743  -0.028437  -0.016305   0.039217  -0.043461  -0.000116   0.012787  -0.009500   0.061286   0.005331  -0.027417   0.037833  -0.071656   0.003375   0.126599  -0.036793
         7  -0.039089  -0.047311  -0.006008  -0.014166   0.001588  -0.016402   0.044099  -0.049131   0.032377  -0.019882   0.011652   0.071516  -0.005356  -0.031839   0.026313   0.041639
         8  -0.077461  -0.025096   0.054354   0.037724  -0.101181   0.008258   0.000017  -0.022527   0.080135   0.016244  -0.047549   0.027226  -0.000326  -0.037354   0.111528  -0.023990
         9  -0.067675   0.008411  -0.008780  -0.030789   0.000206  -0.024983  -0.013479   0.000308   0.139406   0.037973  -0.021978  -0.037052   0.025351  -0.002945   0.010300  -0.014275
        10   0.010768   0.046966   0.005338   0.034218   0.016310  -0.002848   0.018977  -0.013983   0.003909  -0.004131  -0.034202   0.000487  -0.049571   0.050262  -0.052130  -0.030369
        11   0.023637   0.046404  -0.042130  -0.046495   0.004899   0.051645   0.058663  -0.024958  -0.017644   0.005525  -0.026762  -0.023136  -0.026089  -0.027955   0.049368  -0.004971
        12   0.077073   0.013705  -0.090881  -0.015094  -0.000359   0.055732  -0.008447   0.028693  -0.006412  -0.002614   0.046839   0.001326  -0.081220  -0.004615   0.001526  -0.015251
        13   0.007521   0.014557  -0.035366   0.002370   0.009324   0.029555   0.013917   0.009411  -0.023513  -0.021117   0.006277  -0.012610   0.022547  -0.046863   0.048062  -0.024072
        14   0.037779  -0.009367   0.024570  -0.037104  -0.035316  -0.000704   0.027132  -0.014980  -0.017979   0.079111  -0.027790  -0.000452   0.010783  -0.029488   0.004283  -0.010479
        15   0.062270  -0.083489   0.047762  -0.031278   0.035386   0.011379  -0.031436   0.024224   0.023543   0.011358  -0.003166  -0.003540  -0.025098   0.011566   0.007551  -0.057033
        16   0.036689   0.050098  -0.054408   0.063722  -0.034029   0.036553  -0.043136  -0.008573  -0.014371  -0.051908   0.067347   0.019643   0.006418  -0.057665  -0.004539  -0.011841
        17   0.013164  -0.010764  -0.016642   0.008950   0.012848  -0.070456   0.030388   0.004298  -0.025141  -0.002083   0.040305  -0.047816   0.018094   0.120364  -0.068836  -0.006671
        18  -0.043689   0.043142   0.022689  -0.003178   0.084835  -0.002784  -0.026659  -0.018332  -0.017049   0.016049   0.011086  -0.024872  -0.025822  -0.089037   0.010147   0.063472
        19   0.009367   0.097857  -0.083401  -0.025547   0.022146  -0.063883  -0.004534   0.013642   0.008295   0.051623  -0.025395  -0.017260  -0.030391   0.060227   0.040206  -0.052952
        20   0.042803  -0.019510   0.009073  -0.022949   0.079109  -0.009329   0.090361  -0.014318   0.013536  -0.010707  -0.053017  -0.022937  -0.033340  -0.007621  -0.026505  -0.014649
        21   0.020059   0.092909  -0.032892   0.022032  -0.033381  -0.072326  -0.018399   0.076940   0.038199  -0.015102   0.037347  -0.040532   0.003506  -0.035208  -0.005460  -0.037691
        22   0.016627   0.000389  -0.056922   0.068289  -0.022108   0.012656  -0.062577   0.042302  -0.026124   0.037575  -0.017365  -0.013491   0.020328  -0.033846  -0.002669   0.036937
        23   0.024147  -0.041088  -0.049657   0.055321   0.052043  -0.050138   0.036215  -0.021345   0.018357  -0.096246  -0.054137  -0.007506   0.080847  -0.035060   0.000132   0.088118