       pos     val_AA     val_AC     val_AG     val_AT     val_CA     val_CC     val_CG     val_CT     val_GA     val_GC     val_GG     val_GT     val_TA     val_TC     val_TG     val_TT
         3   0.064128  -0.035448  -0.123726   0.018676  -0.042361   0.048701   0.043145  -0.002861  -0.038451  -0.010517   0.005511  -0.027587   0.048198  -0.007409  -0.028238   0.088241
         4   0.029792   0.001607  -0.001170   0.001283  -0.039527  -0.022233   0.019192   0.037894  -0.035150  -0.050726  -0.020546   0.003112   0.018197   0.013927  -0.060671   0.105018
         5   0.001224   0.000258  -0.033286   0.005117   0.009458  -0.062169  -0.007911   0.003198   0.014784  -0.044936  -0.045792   0.012750   0.024125   0.042139   0.036370   0.044672
         6   0.081811   0.028744  -0.042038  -0.018927  -0.005919  -0.005416   0.008953  -0.062327  -0.001262  -0.021660  -0.056418   0.028720  -0.017793  -0.019584   0.091585   0.011530
         7  -0.021533   0.114630  -0.005541  -0.030718   0.074593  -0.047610   0.003976  -0.048876  -0.014584  -0.015791  -0.023754   0.056211   0.041962  -0.057525   0.023860  -0.049301
         8   0.098840  -0.066722   0.001752   0.046568   0.080218   0.016040  -0.036459  -0.066095  -0.035089   0.018981  -0.029985   0.044633  -0.061659  -0.061676   0.064914  -0.014264
         9   0.009273  -0.007978   0.004655   0.076360  -0.019601  -0.030253  -0.088554   0.045031   0.101420  -0.009582  -0.047175  -0.044441   0.001484  -0.023799   0.049551  -0.016394
        10  -0.020764   0.060509   0.008644   0.044189   0.013890  -0.084830   0.003287  -0.003957  -0.002499  -0.034215  -0.024515  -0.020294   0.021406   0.005980  -0.022929   0.056100
        11   0.011379   0.048164  -0.020994  -0.026517  -0.034307  -0.012884   0.000207  -0.005572  -0.045181   0.037445  -0.001287  -0.026490   0.050992   0.064931  -0.031296  -0.008590
        12   0.099262  -0.119266  -0.013481   0.016368  -0.018330   0.114992   0.025069   0.015926  -0.078121  -0.033167   0.032133   0.025784  -0.005848  -0.033751  -0.020614  -0.006956
        13  -0.020805   0.016550   0.029344  -0.028127   0.049087  -0.111433   0.000830  -0.009677  -0.009164   0.028079  -0.026267   0.030460   0.034435  -0.001194   0.007923   0.009958
        14  -0.008795   0.022770   0.022702   0.016876  -0.015619  -0.011446   0.006886  -0.047818   0.014385   0.040829  -0.009804  -0.033579  -0.032622   0.024394   0.002431   0.008412
        15  -0.022575  -0.005315   0.056415  -0.071177  -0.013410  -0.023991   0.071193   0.042755   0.048188   0.013099  -0.040781   0.001708   0.034181  -0.007618  -0.017496  -0.065177
        16   0.066480  -0.003879  -0.068862   0.052646  -0.009218  -0.006955   0.000697  -0.008348   0.025948   0.035887  -0.035964   0.043461  -0.028834  -0.058568   0.003544  -0.008033
        17   0.016210  -0.083555   0.095213   0.026507   0.085277  -0.077676  -0.117556   0.076438  -0.089282  -0.022559  -0.003110   0.014365  -0.028308   0.106740  -0.021790   0.023084
        18  -0.020482   0.073109  -0.073076   0.004346   0.049747  -0.065050  -0.072423   0.010676  -0.048887  -0.045652   0.010616   0.036680  -0.071671  -0.026965   0.227817   0.011213
        19  -0.030766   0.090207  -0.088537  -0.062197   0.045362   0.023828  -0.060819  -0.072929   0.018099   0.041754   0.026531   0.006550   0.007315  -0.005136  -0.040404   0.101141
        20   0.077734   0.073941  -0.082368  -0.029296   0.190456  -0.063487   0.062105  -0.038419  -0.032962  -0.028502  -0.049399  -0.052365  -0.027445  -0.030720   0.064503  -0.033774
        21   0.057643   0.035348   0.213266  -0.098476   0.042779  -0.023509  -0.144210   0.076171  -0.017346  -0.022999  -0.003938   0.039123  -0.023864  -0.056761  -0.069906  -0.003323
        22   0.067212  -0.001903  -0.014117   0.008020  -0.019424  -0.022434  -0.042552   0.016489   0.033107  -0.065226  -0.006263   0.033594  -0.004325  -0.032265  -0.027451   0.077537
        23   0.040522   0.013270  -0.032883   0.055662  -0.066689  -0.014065  -0.031565  -0.009508  -0.034284  -0.055184   0.040019  -0.040934   0.031683   0.064859  -0.090701   0.129802