       pos     val_AA     val_AC     val_AG     val_AT     val_CA     val_CC     val_CG     val_CT     val_GA     val_GC     val_GG     val_GT     val_TA     val_TC     val_TG     val_TT
         3  -0.012408  -0.001477  -0.011988  -0.059564   0.007258  -0.119373  -0.049904   0.055813   0.024036   0.158909   0.051071   0.053130  -0.017581  -0.062036   0.010380  -0.026261
         4   0.000336   0.017994  -0.008850  -0.008177   0.051740  -0.022645   0.009011  -0.062084   0.005604  -0.009976   0.010092  -0.006162  -0.017850   0.031432  -0.009551   0.019086
         5   0.012525   0.026123   0.016364  -0.015183  -0.028780   0.111935  -0.062113  -0.004238  -0.051752  -0.085422   0.127354   0.010521  -0.048192   0.007199   0.005784  -0.022127
         6  -0.067067  -0.115343   0.008712   0.057500  -0.010265  -0.046590  -0.013914   0.130606  -0.003928   0.064881   0.008139   0.018298  -0.012827   0.002444   0.013823  -0.034466
         7  -0.012689  -0.080679  -0.024191   0.023472  -0.122063   0.047957  -0.016166  -0.004336   0.046506  -0.038345   0.008483   0.000116  -0.006456   0.149554   0.018109   0.010731
         8  -0.120139   0.001906  -0.028851   0.052380   0.051722   0.057945   0.038022  -0.069204   0.070859  -0.046490  -0.003033  -0.035102  -0.027869   0.009994   0.011868   0.035990
         9   0.022689   0.020835   0.018032  -0.086982  -0.007681   0.023626   0.069424  -0.062013  -0.004286   0.013167   0.002626   0.006501  -0.028711  -0.090645  -0.017646   0.121065
        10  -0.026234   0.012260   0.006478  -0.010493  -0.003683  -0.016596  -0.004632  -0.008106   0.050741   0.042455   0.020420  -0.041180  -0.027700  -0.088908  -0.001811   0.096990
        11  -0.025153   0.054303  -0.000241  -0.035785   0.000087  -0.093795   0.065002  -0.022083  -0.006709   0.056127  -0.025252  -0.003711  -0.027553   0.084080   0.027611  -0.046927
        12  -0.051016  -0.000825   0.039845  -0.047331   0.075205   0.061502   0.026666  -0.062657  -0.025506   0.020303   0.057476   0.014848  -0.046661  -0.016326  -0.022704  -0.022816
        13  -0.017353  -0.027993   0.075899  -0.078533  -0.011281   0.193668  -0.065640  -0.052095  -0.004813  -0.017488   0.070560   0.053022  -0.021556  -0.057687  -0.011190  -0.027523
        14   0.015348   0.013235  -0.004890  -0.078694   0.035000   0.009823   0.026600   0.019078   0.007569   0.058874  -0.031703   0.034889  -0.098681   0.005476   0.004720  -0.016643
        15  -0.019200  -0.042019   0.007153   0.013302  -0.003000   0.010452   0.122837  -0.042881  -0.016822   0.004013  -0.040078   0.047614  -0.061457   0.014375   0.053467  -0.047755
        16  -0.094476   0.086105  -0.104051   0.011943   0.004450  -0.064434   0.046885  -0.000081   0.086819   0.037300  -0.031741   0.051000  -0.042613   0.000276   0.073211  -0.060593
        17   0.103492  -0.004498  -0.077041  -0.067773  -0.019043   0.080922   0.108283  -0.110916  -0.009598  -0.001417   0.009725  -0.014406  -0.009395   0.013717   0.011222  -0.013276
        18   0.023305   0.013368  -0.071963   0.100748   0.031228   0.018214   0.048926  -0.009645   0.018517   0.004001   0.074435  -0.044762  -0.015673   0.000469  -0.202281   0.011113
        19   0.043461   0.002600   0.001982   0.009334   0.028187   0.020252  -0.042078   0.029691  -0.101999  -0.029082   0.003543  -0.023345   0.005611   0.045675   0.032857  -0.026689
        20  -0.009219   0.037245  -0.042645  -0.010121   0.013984   0.003323   0.008158   0.013979  -0.108091  -0.064948   0.140140   0.029202   0.030339  -0.026315  -0.015272   0.000239
        21  -0.103286  -0.032668   0.087972  -0.025005  -0.002973   0.013686  -0.114097   0.052689   0.004218  -0.014508   0.075636   0.025036  -0.019244   0.015163   0.052848  -0.015469
        22   0.010873  -0.101553   0.035003  -0.065608  -0.020403  -0.000769   0.030530  -0.027685  -0.037358   0.148141  -0.045831   0.037408   0.017038   0.012826  -0.032570   0.039958
        23   0.010906  -0.049865  -0.001422   0.010533   0.013105  -0.059021   0.061877   0.042686   0.056362  -0.007325  -0.064189   0.002286  -0.002070  -0.022979  -0.018009   0.027132