       pos     val_AA     val_AC     val_AG     val_AT     val_CA     val_CC     val_CG     val_CT     val_GA     val_GC     val_GG     val_GT     val_TA     val_TC     val_TG     val_TT
         0  -0.070143  -0.097707   0.056688   0.054075   0.058118  -0.025463   0.018862   0.054233   0.100549  -0.012363  -0.033390  -0.018291  -0.068343   0.030395   0.024733  -0.071951
         1  -0.027080   0.022216  -0.013358   0.038405   0.034237  -0.013899  -0.085141  -0.040336   0.069704  -0.047459   0.021724   0.022924  -0.032817  -0.011521   0.046173   0.016230
         2   0.051193  -0.041772   0.047620  -0.012998  -0.020725  -0.004142  -0.027006   0.001209  -0.020482  -0.031760  -0.004553   0.026192  -0.014578   0.023957   0.043416  -0.015571
         3  -0.054317   0.093466   0.030433  -0.074175  -0.079745   0.063325   0.018498  -0.055795   0.064410  -0.049292   0.024106   0.020253   0.056382   0.054978  -0.154426   0.041898
         4   0.048222  -0.000338  -0.030446  -0.030708  -0.027563   0.060956   0.087947   0.041137   0.007302  -0.004365  -0.011056  -0.073270   0.021766  -0.042126  -0.099156   0.051697
         5   0.008994   0.027696  -0.036783   0.049821   0.018793   0.074356   0.039789  -0.118811  -0.073695  -0.062533   0.028632   0.054884   0.031988   0.026551  -0.091121   0.021439
         6   0.007705   0.054905  -0.013424  -0.063105   0.006861   0.039518  -0.001694   0.021386  -0.109201  -0.025551  -0.041268   0.116538  -0.020248   0.042785  -0.026133   0.010930
         7  -0.003109  -0.036952  -0.007479  -0.067345   0.128457   0.019524  -0.051501   0.015175  -0.049614   0.001782   0.021298  -0.055986   0.141105  -0.026424  -0.024185  -0.004747
         8   0.118252   0.037209   0.024709   0.036668  -0.065749   0.093095  -0.026284  -0.043131   0.009444  -0.068415   0.012242  -0.015137  -0.037641  -0.036199  -0.039468   0.000405
         9  -0.011667   0.026872   0.022421  -0.013320  -0.012540   0.018460   0.054791  -0.035021   0.036146   0.055696  -0.062060  -0.058583  -0.001129  -0.071633   0.048951   0.002616
        10   0.000387   0.002584   0.003001   0.004838   0.064979   0.071371   0.013377  -0.120333  -0.017689   0.076900  -0.039871   0.044762  -0.041006  -0.015568  -0.065192   0.017457
        11   0.034733   0.028119  -0.027639  -0.028541   0.064565   0.033700  -0.020806   0.057829  -0.059676  -0.010150  -0.022916   0.004057  -0.003808  -0.035850  -0.011920  -0.001697
        12   0.061169  -0.021876   0.040347  -0.043825   0.047360   0.016894  -0.041108  -0.007328  -0.116357   0.013285   0.004515   0.015276  -0.069701   0.042221   0.038667   0.020463
        13   0.019574   0.019144  -0.054959  -0.061288   0.029588  -0.000894   0.069297  -0.047467   0.077391  -0.073208   0.080726  -0.042489  -0.035623   0.058693  -0.026593  -0.011891
        14  -0.038866  -0.004901   0.106211   0.028485  -0.092751   0.113140  -0.019829   0.003175   0.016380  -0.044265   0.135054  -0.038698   0.011050  -0.130198  -0.025707  -0.018279
        15  -0.026594  -0.122802   0.050790  -0.005582  -0.071671   0.089602  -0.018289  -0.065865   0.035988   0.054296   0.069931   0.035513   0.051732  -0.078874   0.018637  -0.016813
        16   0.043158  -0.116425   0.046795   0.015928  -0.038567  -0.045942  -0.037219   0.063949   0.109104  -0.022255   0.028453   0.005767  -0.059329  -0.022331   0.038783  -0.009869
        17   0.073034  -0.000306   0.013997  -0.032359  -0.162701   0.063247  -0.133451   0.025952  -0.009155  -0.004446   0.012911   0.077502  -0.022039  -0.003989   0.041262   0.060541
        18  -0.074544  -0.044433   0.013223  -0.015106  -0.032918   0.077423   0.033930  -0.023928  -0.002000   0.040223  -0.055487  -0.048019   0.002654   0.063611   0.002078   0.063293
        19  -0.041082  -0.032158  -0.004871  -0.028697   0.033206   0.050221   0.125978  -0.072581   0.055117  -0.018194  -0.057840   0.014661  -0.038879   0.032276  -0.011411  -0.005746
        20  -0.041399  -0.006463   0.106924  -0.050702   0.033930   0.061536  -0.057527  -0.005794   0.043815   0.044866  -0.039701   0.002875   0.040233  -0.019734  -0.026176  -0.086686