       pos     val_AA     val_AC     val_AG     val_AT     val_CA     val_CC     val_CG     val_CT     val_GA     val_GC     val_GG     val_GT     val_TA     val_TC     val_TG     val_TT
         0  -0.073066  -0.102038   0.057606   0.057336   0.060038  -0.022666   0.017500   0.054946   0.094731  -0.011299  -0.033742  -0.017782  -0.066102   0.033861   0.022326  -0.071648
         1  -0.029839   0.023682  -0.020951   0.042710   0.034818  -0.011999  -0.084633  -0.040327   0.066823  -0.054122   0.023858   0.027130  -0.031302  -0.002147   0.047473   0.008828
         2   0.049685  -0.045040   0.049480  -0.013626  -0.018748  -0.002256  -0.029305   0.005722  -0.023060  -0.031105  -0.004577   0.024488  -0.014149   0.024605   0.042329  -0.014445
         3  -0.049610   0.092727   0.027064  -0.076455  -0.076870   0.062569   0.018028  -0.057522   0.062115  -0.050505   0.019401   0.026916   0.051459   0.056859  -0.152239   0.046060
         4   0.044300  -0.001927  -0.028575  -0.026704  -0.028451   0.058090   0.092858   0.039156   0.008238  -0.007997  -0.015470  -0.072515   0.025477  -0.038002  -0.098324   0.049850
         5   0.008928   0.028049  -0.038881   0.051467   0.020932   0.073272   0.037003  -0.121044  -0.073698  -0.066150   0.033614   0.056722   0.028608   0.030053  -0.090521   0.021646
         6   0.005212   0.057804  -0.015997  -0.062250   0.002722   0.037969   0.001388   0.023144  -0.108987  -0.025476  -0.040411   0.116088  -0.015745   0.042318  -0.029056   0.011276
         7  -0.000640  -0.033011  -0.014591  -0.068555   0.126123   0.019741  -0.048422   0.015175  -0.048616  -0.001793   0.023276  -0.056941   0.140817  -0.027808  -0.018686  -0.006064
         8   0.123823   0.037978   0.022052   0.033829  -0.066756   0.092670  -0.021026  -0.047761   0.007626  -0.065825   0.012060  -0.012286  -0.041860  -0.036834  -0.040698   0.003006
         9  -0.012284   0.025564   0.025307  -0.015754  -0.012927   0.022508   0.053510  -0.035102   0.040690   0.052418  -0.065933  -0.054786   0.000924  -0.075373   0.050335   0.000902
        10   0.003336   0.006981   0.003062   0.003023   0.063829   0.069338   0.011820  -0.119870  -0.011392   0.074426  -0.039570   0.039755  -0.049786  -0.012959  -0.065089   0.023094
        11   0.036870   0.029381  -0.029590  -0.030673   0.066405   0.032626  -0.017525   0.056280  -0.061477  -0.008591  -0.024018   0.004310  -0.001391  -0.037873  -0.013323  -0.001412
        12   0.067403  -0.021752   0.040141  -0.045385   0.046062   0.019246  -0.040793  -0.008972  -0.119105   0.012123   0.007349   0.015177  -0.070481   0.042103   0.033206   0.023678
        13   0.017530   0.015208  -0.056164  -0.052694   0.030589  -0.001737   0.072313  -0.049446   0.077163  -0.074856   0.079072  -0.041476  -0.042739   0.060735  -0.023030  -0.010469
        14  -0.034705  -0.011967   0.104258   0.024959  -0.097275   0.112130  -0.017345   0.001839   0.017438  -0.045730   0.134283  -0.033798   0.016231  -0.119695  -0.031085  -0.019537
        15  -0.027458  -0.121343   0.058251  -0.007761  -0.068388   0.083528  -0.015994  -0.064408   0.033139   0.056297   0.065335   0.035340   0.054831  -0.079695   0.018102  -0.019776
        16   0.044020  -0.107397   0.043320   0.012181  -0.037326  -0.051471  -0.038997   0.066580   0.111417  -0.023842   0.033126   0.004992  -0.061156  -0.023123   0.041026  -0.013351
        17   0.075894  -0.005974   0.018707  -0.031672  -0.162370   0.066795  -0.134067   0.023809  -0.010597  -0.001319   0.010625   0.079766  -0.027900  -0.000742   0.038494   0.060550
        18  -0.076673  -0.044196   0.011741  -0.015843  -0.030673   0.077507   0.033735  -0.021809  -0.006804   0.041415  -0.054039  -0.046814   0.009274   0.061062  -0.003360   0.065479
        19  -0.041561  -0.034285  -0.002437  -0.026594   0.032662   0.049895   0.127694  -0.074463   0.052328  -0.017155  -0.062221   0.015125  -0.032753   0.030160  -0.010431  -0.005964
        20  -0.041653  -0.007254   0.113695  -0.054111   0.034154   0.065357  -0.062883  -0.008012   0.048996   0.038197  -0.040372   0.005785   0.042375  -0.026393  -0.023057  -0.084822