       pos     val_AA     val_AC     val_AG     val_AT     val_CA     val_CC     val_CG     val_CT     val_GA     val_GC     val_GG     val_GT     val_TA     val_TC     val_TG     val_TT
         0  -0.079943  -0.105766   0.036610   0.061071   0.080903  -0.020588   0.016492   0.059557   0.089182  -0.012393  -0.004973   0.001825  -0.077858   0.013040   0.025055  -0.082217
         1  -0.041790   0.010387  -0.038317   0.082004   0.037421  -0.030522  -0.080221  -0.052385   0.037178  -0.043125   0.047222   0.031909  -0.031443   0.016932   0.046461   0.008287
         2   0.046963  -0.061603   0.048014  -0.032007  -0.032310   0.000047  -0.031982   0.017919  -0.038060  -0.022328  -0.016709   0.052244  -0.031102   0.023632   0.031677   0.045607
         3  -0.072340   0.041991   0.029765  -0.053925  -0.083138   0.085021   0.002336  -0.064470   0.055594  -0.045787   0.011090   0.010101   0.069474   0.057126  -0.114548   0.071709
         4   0.027052  -0.022208  -0.024568  -0.010685  -0.072684   0.058736   0.089930   0.062368   0.019479  -0.011123  -0.019087  -0.060626   0.027121  -0.028223  -0.091190   0.055708
         5   0.021473   0.009233  -0.046955   0.017217   0.049519   0.047500   0.010838  -0.110676  -0.083998  -0.025305   0.015057   0.049331   0.020634   0.033438  -0.040992   0.033686
         6  -0.000486   0.071284  -0.014892  -0.048277   0.000069   0.047430  -0.011140   0.028508  -0.063588  -0.074044  -0.015697   0.091277  -0.032514   0.035120  -0.035483   0.022434
         7  -0.005281  -0.024737  -0.024473  -0.042028   0.130008   0.051486  -0.078181  -0.023523  -0.050905   0.009591  -0.003105  -0.032794   0.141920  -0.033614  -0.006679  -0.007686
         8   0.113693   0.033894   0.034218   0.033938  -0.027500   0.075262  -0.028690  -0.016347  -0.019203  -0.034104  -0.027006  -0.032125  -0.036561  -0.022074  -0.053533   0.006138
         9  -0.000739   0.002567   0.020119   0.008483  -0.013532   0.036858   0.064385  -0.034733   0.049860   0.051655  -0.108108  -0.068416   0.008365  -0.086997   0.060746   0.009488
        10  -0.001534   0.024651   0.009126   0.011709   0.072588   0.032879   0.025248  -0.126633  -0.002912   0.023955  -0.018013   0.034111  -0.051279   0.001253  -0.073314   0.038164
        11   0.027537   0.029423  -0.014241  -0.025855   0.022588   0.008036  -0.016967   0.069082  -0.045337  -0.000511  -0.021541   0.010437  -0.004121  -0.021926  -0.012467  -0.004135
        12   0.077559  -0.052033   0.020340  -0.045200   0.056760   0.025404  -0.062207  -0.004936  -0.124522   0.040278  -0.005277   0.024303  -0.059995   0.045311   0.057433   0.006781
        13   0.007952   0.012949  -0.046209  -0.024890   0.047230   0.010361   0.070495  -0.069127   0.093742  -0.071190   0.072642  -0.084906  -0.033894   0.069345  -0.032479  -0.022025
        14  -0.032511  -0.030370   0.130960   0.046952  -0.084615   0.107566  -0.013496   0.012012   0.005217  -0.037492   0.163306  -0.066580  -0.007518  -0.077210  -0.068163  -0.048056
        15  -0.033976  -0.100715   0.019152  -0.003889  -0.046832   0.057493  -0.002000  -0.046168   0.032436   0.096367   0.049708   0.034095   0.076324  -0.090976  -0.016851  -0.024168
        16   0.044470  -0.067736   0.041120   0.010099  -0.030764  -0.035841  -0.028016   0.056791   0.054891  -0.061905   0.024427   0.032597  -0.021951  -0.035798   0.041435  -0.023818
        17   0.057802  -0.017004   0.018258  -0.012410  -0.146409   0.059849  -0.153509   0.038789   0.008416  -0.002249   0.026093   0.046706  -0.033707   0.007421   0.046714   0.055241
        18  -0.083520  -0.026227   0.008234  -0.012387  -0.053134   0.063348   0.048760  -0.010956   0.016501   0.025040  -0.066993  -0.036994   0.031760   0.036569   0.019170   0.040828
        19  -0.026954  -0.038889  -0.005864  -0.016685   0.012462   0.043662   0.121962  -0.079355   0.081451  -0.011964  -0.063720   0.003405  -0.038291   0.046936  -0.008705  -0.019447
        20  -0.033029  -0.005783   0.124573  -0.057093   0.054494   0.073300  -0.079887  -0.008164   0.031362   0.025150  -0.017811   0.004973   0.027718  -0.040904  -0.024310  -0.074586