       pos     val_AA     val_AC     val_AG     val_AT     val_CA     val_CC     val_CG     val_CT     val_GA     val_GC     val_GG     val_GT     val_TA     val_TC     val_TG     val_TT
         0  -0.070456  -0.099652   0.037573   0.045790   0.076406  -0.030668  -0.000058   0.057599   0.086989  -0.014041   0.019208  -0.015836  -0.055983   0.020901   0.025333  -0.083102
         1  -0.038243   0.017633  -0.036875   0.094440   0.027171  -0.026047  -0.086288  -0.038296   0.059265  -0.053692   0.023308   0.053172  -0.040675   0.014714   0.038684  -0.008275
         2   0.052334  -0.042911   0.043107  -0.045011  -0.024002  -0.033316  -0.024146   0.034073  -0.038821  -0.033392  -0.003868   0.014911  -0.020672   0.057430   0.027798   0.036485
         3  -0.052305   0.021207   0.014047  -0.014109  -0.092475   0.082642   0.010332  -0.052688   0.054622  -0.045667   0.017783   0.016152   0.061193   0.053667  -0.108312   0.033911
         4   0.029317  -0.008782  -0.032597  -0.016903  -0.059559   0.038868   0.088605   0.043935   0.014746  -0.013345  -0.004012  -0.063539   0.047663  -0.005764  -0.112780   0.054147
         5   0.010305   0.029807  -0.043192   0.035246   0.032216   0.027974   0.043303  -0.092515  -0.077198  -0.016265   0.013428   0.019252   0.025393   0.019867  -0.043104   0.015484
         6   0.000974   0.056783  -0.017195  -0.049846  -0.006518   0.055079  -0.020750   0.033572  -0.055170  -0.049851  -0.000760   0.076216  -0.044894   0.013062  -0.014982   0.024280
         7   0.010669  -0.016390  -0.052244  -0.047645   0.124004   0.037328  -0.076214  -0.010044  -0.034646   0.019042  -0.010843  -0.027239   0.130770  -0.028738  -0.013362  -0.004449
         8   0.115037   0.039835   0.036837   0.039088  -0.046133   0.086303  -0.020318  -0.008609  -0.034841  -0.063197  -0.022964  -0.031661  -0.016681  -0.035528  -0.049847   0.012680
         9  -0.010669  -0.001476   0.025207   0.004320  -0.007314   0.012563   0.046861  -0.024697   0.034107   0.077130  -0.101620  -0.065910   0.007320  -0.069665   0.071546   0.002296
        10   0.006890   0.011775   0.002909   0.001870   0.051994   0.041449   0.030621  -0.105513   0.000867   0.026438  -0.024205   0.038895  -0.051886  -0.006746  -0.066446   0.041087
        11   0.002764   0.044447  -0.012775  -0.026571   0.048783  -0.001912  -0.025569   0.051614  -0.061438   0.004850  -0.011797   0.011263   0.002699  -0.015410  -0.020044   0.009095
        12   0.081437  -0.050805  -0.000746  -0.037077   0.051092   0.030790  -0.040449  -0.009458  -0.116132   0.028279  -0.001366   0.019034  -0.063211   0.049736   0.036758   0.022118
        13   0.027930   0.028643  -0.060303  -0.043084   0.031556   0.005726   0.080383  -0.059665   0.096419  -0.053659   0.052611  -0.101174  -0.036720   0.070313  -0.023733  -0.015242
        14  -0.046381  -0.001873   0.119929   0.047509  -0.063284   0.109572  -0.001376   0.006110   0.000007  -0.027125   0.143047  -0.066972   0.003530  -0.112670  -0.072478  -0.037546
        15  -0.034195  -0.099208   0.038449  -0.011174  -0.050147   0.081337  -0.021664  -0.041623   0.032269   0.078654   0.055007   0.023193   0.070607  -0.099530  -0.029676   0.007700
        16   0.054572  -0.093277   0.049336   0.007902  -0.031068  -0.034090  -0.035359   0.061770   0.044329  -0.062773   0.035416   0.025145  -0.016800  -0.013472   0.029742  -0.021374
        17   0.048151  -0.004251   0.009055  -0.001923  -0.154566   0.044318  -0.139003   0.045639  -0.009429   0.004657   0.029183   0.054726  -0.023006   0.004031   0.043121   0.049298
        18  -0.084600  -0.040355  -0.000732  -0.013164  -0.046225   0.064611   0.045260  -0.014892  -0.000012   0.029557  -0.055688  -0.031499   0.055223   0.057737   0.007121   0.027659
        19  -0.057851  -0.022507   0.024143  -0.019398   0.023129   0.045102   0.118305  -0.074986   0.067217  -0.007446  -0.077946   0.014135  -0.030188   0.030950  -0.000336  -0.032323
        20  -0.040119  -0.033167   0.119707  -0.044113   0.048724   0.067546  -0.064823  -0.005346   0.044522   0.033426  -0.011265  -0.002517   0.033034  -0.054014  -0.015136  -0.076455