       pos     val_AA     val_AC     val_AG     val_AT     val_CA     val_CC     val_CG     val_CT     val_GA     val_GC     val_GG     val_GT     val_TA     val_TC     val_TG     val_TT
         3   0.050139   0.070574  -0.044134  -0.040273  -0.044248   0.018347  -0.011534  -0.036953  -0.063865   0.008761   0.025004   0.010030   0.045008  -0.022689  -0.017324   0.053157
         4   0.018282  -0.019543   0.015487  -0.027193  -0.027464   0.006648   0.063961   0.031846  -0.054129   0.036018  -0.015295  -0.014582   0.019190  -0.003074  -0.033683   0.003529
         5  -0.038000   0.030622  -0.036064  -0.000679   0.010568  -0.001022   0.019914  -0.009411   0.014903   0.023495   0.000076  -0.008004   0.001993  -0.026349  -0.037507   0.055464
         6   0.032525  -0.070905  -0.022948   0.050793   0.054454  -0.046029  -0.017471   0.035792  -0.046796   0.033071  -0.019179  -0.020677  -0.035603  -0.033544   0.127955  -0.021437
         7  -0.033477  -0.002945   0.018664   0.022337   0.020748  -0.044248  -0.067242  -0.026665  -0.004649   0.006128   0.012078   0.054801  -0.017057   0.024210   0.068774  -0.031456
         8  -0.007235  -0.023878   0.036975  -0.040297  -0.015166  -0.055117  -0.033995   0.087422   0.051963   0.046668  -0.025189  -0.041168  -0.023277  -0.021216   0.079490  -0.015981
         9  -0.008376  -0.042710   0.009758   0.047615  -0.009827  -0.024534  -0.006738  -0.012444   0.112283   0.002962   0.039921  -0.097885   0.005017  -0.028702   0.020115  -0.006455
        10   0.002250   0.029579   0.009718   0.057550  -0.093004  -0.010434   0.029864  -0.019411   0.034608   0.003090  -0.025018   0.050377  -0.106379   0.018510   0.016077   0.002622
        11  -0.089815  -0.030198  -0.015776  -0.026736   0.061403  -0.073967   0.013875   0.039435  -0.013360   0.055661  -0.015415   0.003756   0.029764   0.028717   0.028558   0.004099
        12   0.011774  -0.017339  -0.016530   0.010087   0.009664  -0.015477  -0.039817   0.025843  -0.031669  -0.039437   0.044479   0.037869  -0.001300   0.054617  -0.037480   0.004716
        13  -0.002832  -0.005214  -0.002291  -0.001195  -0.046542  -0.050113  -0.008422   0.087441   0.008814  -0.057385   0.029478  -0.030255   0.036201   0.008416   0.046077  -0.012179
        14  -0.030599  -0.018565   0.022387   0.022418  -0.052566  -0.022691   0.010635  -0.039673   0.045672   0.004731   0.017237  -0.002798   0.004378   0.029363   0.008882   0.001189
        15  -0.043609   0.013560  -0.031316   0.028250  -0.029446  -0.015005   0.029562   0.007726   0.089525  -0.009847  -0.007271  -0.013266   0.054237  -0.031542  -0.025568  -0.015991
        16  -0.014447  -0.013149   0.044293   0.054011  -0.018299   0.004985  -0.054940   0.025420  -0.051635   0.056115  -0.060395   0.021322   0.030965  -0.039374   0.013762   0.001366
        17   0.026199   0.004365  -0.069716  -0.014263   0.075059  -0.083749   0.015820   0.001446  -0.013662   0.034311  -0.099155   0.021227  -0.023602   0.104937   0.011718   0.009064
        18   0.020795   0.090234  -0.050953   0.003918   0.057704  -0.060511   0.012445   0.050225  -0.022466  -0.038501  -0.051262  -0.029104  -0.037290   0.056604  -0.018105   0.016265
        19  -0.026553   0.091665  -0.036233  -0.010136   0.032346   0.028303   0.034594  -0.047417  -0.100112   0.009270  -0.020720   0.003686   0.047539   0.010181  -0.029317   0.012902
        20  -0.056127  -0.000171  -0.019266   0.028784   0.131707  -0.057761   0.090663  -0.025189   0.010525   0.004680  -0.002527  -0.064354   0.017761   0.004630  -0.024259  -0.039095
        21   0.059656   0.035905  -0.005963   0.014268   0.021294  -0.055136  -0.027683   0.012902   0.003818  -0.028848   0.037209   0.032431  -0.007970  -0.047761   0.000685  -0.044807
        22   0.032218   0.023927   0.000918   0.019736  -0.024726  -0.036270  -0.090184   0.055342  -0.037619   0.013937   0.043469  -0.015540   0.022618  -0.021169   0.008612   0.004732
        23   0.029666   0.004308  -0.080722   0.039237  -0.024695  -0.044495   0.044346   0.005268  -0.034110  -0.025583   0.026785  -0.004276  -0.033458   0.017103   0.013715   0.066910