       pos     val_AA     val_AC     val_AG     val_AT     val_CA     val_CC     val_CG     val_CT     val_GA     val_GC     val_GG     val_GT     val_TA     val_TC     val_TG     val_TT
         0  -0.025216   0.001515  -0.024565   0.019819   0.032664  -0.008520   0.048783   0.030981   0.008926  -0.015105  -0.054013  -0.009619  -0.015608  -0.003541  -0.007212   0.020711
         1   0.087995  -0.008148  -0.061553  -0.017529  -0.015203   0.053621   0.004786  -0.068855   0.045673  -0.024079  -0.017494  -0.041107   0.011024   0.011688  -0.052968   0.092149
         2   0.027687  -0.032718   0.075861   0.058659  -0.003316  -0.009284   0.020043   0.025639   0.031915  -0.107607  -0.054481   0.002944  -0.018314   0.091159  -0.014495  -0.093692
         3   0.012109  -0.007758   0.051434  -0.017815   0.022783  -0.108288   0.077455  -0.050398   0.029253   0.023193  -0.001144  -0.024375   0.046843   0.011833  -0.056664  -0.008460
         4   0.118597  -0.039226   0.026451   0.005166   0.033283  -0.030146  -0.053574  -0.030583  -0.104160   0.013197   0.156806   0.005238  -0.050860   0.039450  -0.075477  -0.014161
         5   0.076496  -0.113127   0.077447  -0.043956  -0.066082   0.019164   0.040479  -0.010285   0.006054  -0.017456   0.069922  -0.004315  -0.026942   0.086922  -0.095708   0.001387
         6   0.031348  -0.045041   0.027636  -0.024416  -0.049520   0.030482   0.016445  -0.021905   0.040108   0.012252   0.061334  -0.021554  -0.061209  -0.002050  -0.058430   0.064519
         7  -0.030675  -0.006655   0.002182  -0.004125  -0.055598   0.058637   0.005901  -0.013296   0.009579   0.027370  -0.008359   0.018395   0.024198   0.023499   0.028408  -0.079461
         8  -0.022501   0.053866  -0.072256  -0.011604   0.013418   0.029588   0.041292   0.018553   0.026377  -0.011915   0.014909  -0.001239  -0.040715   0.028944  -0.066547  -0.000169
         9  -0.000069   0.030126  -0.056906   0.003428   0.004375  -0.006063   0.112046  -0.009877  -0.008563  -0.046707   0.009681  -0.037013  -0.004570   0.008129  -0.002876   0.004857
        10  -0.014930  -0.024137   0.033768  -0.003528  -0.000999   0.012225  -0.043835   0.018094   0.041698   0.019833   0.002537  -0.002123  -0.004939  -0.020987  -0.027431   0.014754
        11   0.014695   0.002204   0.019323  -0.015391   0.006309   0.037828   0.001382  -0.058587   0.029699   0.006650   0.032650  -0.103960  -0.037034   0.033302  -0.014323   0.045253
        12   0.043398  -0.005913  -0.022461  -0.001356   0.033887  -0.015656   0.071025  -0.009270   0.046515   0.049035  -0.058822   0.002303  -0.057955  -0.015751  -0.035046  -0.023934
        13   0.050805   0.072379  -0.035047  -0.022291   0.012174   0.011649   0.001555  -0.013662  -0.014730  -0.069350   0.016810   0.021964  -0.028022  -0.004648  -0.015292   0.015706
        14   0.007036  -0.054346   0.040282   0.027256  -0.020043   0.004279   0.042461  -0.016667   0.001049  -0.012916  -0.017729  -0.002378   0.004180   0.013432  -0.031748   0.015854
        15  -0.003341  -0.003893   0.008004  -0.008549  -0.008481  -0.010187  -0.011535  -0.019347   0.050400   0.016369  -0.023001  -0.010502  -0.006442   0.048039  -0.021365   0.003832
        16  -0.042094   0.032139   0.053897  -0.011806   0.050487  -0.013335   0.013911  -0.000735  -0.038633  -0.014503   0.005334  -0.000095  -0.005668  -0.018507  -0.000326  -0.010064
        17   0.051681   0.000279  -0.048382  -0.039487  -0.018964   0.012289   0.006205  -0.013736   0.001347   0.008989   0.054072   0.008408  -0.011072  -0.009821   0.000972  -0.002780
        18   0.001067   0.004617   0.008958   0.008349   0.005818   0.008273   0.006547  -0.008903  -0.002370   0.000837   0.017609  -0.003209   0.004817  -0.011018   0.018713  -0.060106
        19  -0.035292   0.051810   0.003921  -0.011107   0.008328  -0.011162   0.009976  -0.004434   0.010350   0.030519   0.000271   0.010687  -0.047725  -0.018624   0.012668  -0.010188
        20   0.057598  -0.034945  -0.005246  -0.081745   0.016392   0.044746   0.029624  -0.038219   0.027323   0.005600   0.018276  -0.024363   0.000185   0.024847  -0.012890  -0.027184
        21   0.058809   0.017082   0.002588   0.023019   0.002558   0.027275  -0.014299   0.024712  -0.013201   0.013285  -0.004308   0.033989  -0.042711  -0.011110  -0.091743  -0.025946
        22   0.013167   0.040664   0.018972  -0.067349   0.021453   0.022938  -0.007536   0.009678  -0.031043  -0.010259  -0.036744  -0.029715   0.012855   0.059293  -0.042059   0.025684
        23   0.014466   0.001273  -0.009828   0.010521   0.046455   0.041689   0.034186  -0.009694  -0.052550   0.001112  -0.006682  -0.009247  -0.005891   0.051392  -0.140117   0.032914
        24   0.065907  -0.003343  -0.004806  -0.055278   0.056917   0.014105   0.042466  -0.018022  -0.019471  -0.048018   0.007057  -0.062009  -0.001880   0.063793  -0.033711  -0.003708
        25   0.014400   0.050619   0.018598   0.017856   0.029050  -0.049386   0.012348   0.034524   0.019721  -0.024176   0.043851  -0.028389  -0.233956   0.021480   0.021264   0.052195
        26  -0.068538  -0.025172  -0.013145  -0.063931   0.021494   0.036643  -0.018983  -0.040617   0.068496  -0.006675   0.051108  -0.016867  -0.148568   0.071814   0.070129   0.082812
        27  -0.063093   0.008954   0.024897  -0.097874   0.001225   0.024330   0.004765   0.046290   0.046981  -0.019818   0.061897   0.000049  -0.010204  -0.009595  -0.019156   0.000352
        28  -0.043099  -0.010002   0.010117   0.017891  -0.000975   0.009015   0.005623  -0.009793  -0.014161   0.081942  -0.008853   0.013476  -0.076070  -0.003482   0.022724   0.005647
        29   0.003623  -0.068876  -0.036540  -0.032513  -0.025767   0.034642   0.046031   0.022566  -0.005990  -0.010734   0.022807   0.023528  -0.023133   0.022806  -0.023380   0.050928
        30   0.002965   0.037336   0.055869  -0.147437   0.047258   0.008118   0.000506  -0.078044   0.024586   0.017121  -0.017298  -0.015490   0.002953   0.049611   0.029803  -0.017858
        31   0.016449   0.063176   0.052125  -0.053987   0.046229  -0.042161   0.079156   0.028962   0.013687   0.014280   0.070071  -0.029158  -0.122328  -0.011136  -0.098336  -0.027030
        32  -0.055614   0.070854  -0.042620  -0.018583  -0.027589   0.017303   0.048034  -0.013589   0.001984   0.072322   0.029151  -0.000441  -0.041012  -0.013203  -0.006230  -0.020766