       pos     val_AA     val_AC     val_AG     val_AT     val_CA     val_CC     val_CG     val_CT     val_GA     val_GC     val_GG     val_GT     val_TA     val_TC     val_TG     val_TT
         0  -0.559800  -0.046964  -0.606379   0.481810   0.674493  -0.142688   1.123665   0.747285   0.243742  -0.251556  -1.336142  -0.203947  -0.394882  -0.114570  -0.122290   0.508225
         1   2.006747  -0.242882  -1.409265  -0.391048  -0.378854   1.278139   0.157914  -1.612978   1.065739  -0.510415  -0.469380  -1.027089   0.310891   0.279171  -1.255016   2.198327
         2   0.616208  -0.679659   1.790539   1.277436  -0.087148  -0.111510   0.347952   0.654719   0.715192  -2.491291  -1.312209   0.112561  -0.464813   2.036590  -0.269481  -2.135084
         3   0.336695  -0.206121   1.157694  -0.508829   0.530651  -2.550886   1.880588  -1.106224   0.602674   0.568467   0.005868  -0.620209   1.042751   0.343312  -1.402051  -0.074381
         4   2.778259  -0.882126   0.538751   0.077887   0.752995  -0.674813  -1.203297  -0.720113  -2.503074   0.324550   3.676964   0.143659  -1.203760   0.920504  -1.735199  -0.291189
         5   1.766657  -2.717332   1.816388  -1.041293  -1.387693   0.406303   0.910939  -0.241433   0.031237  -0.367625   1.647916  -0.034308  -0.681564   2.121256  -2.242567   0.013119
         6   0.680764  -1.005376   0.610068  -0.556819  -1.157958   0.652499   0.395598  -0.447536   0.926750   0.250396   1.460680  -0.505151  -1.396403  -0.086830  -1.302381   1.481700
         7  -0.720683  -0.095957   0.016264  -0.146471  -1.299838   1.349107   0.134084  -0.372664   0.260715   0.630944  -0.159903   0.432209   0.588013   0.581250   0.593174  -1.790243
         8  -0.431359   1.219643  -1.647359  -0.312718   0.267632   0.710973   1.018260   0.468478   0.667878  -0.297189   0.292915  -0.079985  -0.933206   0.618126  -1.605433   0.043343
         9   0.076996   0.691051  -1.340570   0.143469   0.088253  -0.161144   2.564705  -0.240260  -0.175576  -1.070305   0.218168  -0.913903  -0.102728   0.182320  -0.050752   0.090279
        10  -0.186690  -0.573175   0.756729  -0.109920  -0.065155   0.306492  -1.021303   0.421886   0.923476   0.446033   0.103082  -0.081042  -0.148486  -0.474238  -0.646013   0.348321
        11   0.364279   0.145520   0.434099  -0.420752   0.145881   0.813639   0.087868  -1.342275   0.685564   0.199524   0.780564  -2.473156  -0.843028   0.723977  -0.308260   1.006556
        12   0.987050  -0.133167  -0.462626  -0.038561   0.729116  -0.323568   1.669419  -0.192306   1.102448   1.202169  -1.319404   0.009056  -1.414155  -0.477753  -0.804326  -0.533394
        13   1.135971   1.613368  -0.802531  -0.542348   0.314428   0.213711   0.027963  -0.288420  -0.267989  -1.522447   0.319480   0.554021  -0.719835  -0.058187  -0.360054   0.382872
        14   0.249646  -1.197514   0.864050   0.546391  -0.397078   0.057320   0.914237  -0.328036  -0.073414  -0.273794  -0.351219  -0.116716   0.052695   0.317884  -0.730581   0.466126
        15  -0.138009  -0.108977   0.199772  -0.120935  -0.138009  -0.222078  -0.279256  -0.456762   1.105236   0.404117  -0.537837  -0.275028  -0.212975   1.170346  -0.531674   0.142069
        16  -0.964563   0.656188   1.232638  -0.308020   1.156664  -0.241384   0.347163  -0.019035  -0.901180  -0.348936   0.085283   0.015838  -0.143128  -0.377646   0.028702  -0.218585
        17   1.137259   0.035120  -1.107840  -0.916745  -0.376594   0.251440   0.122036  -0.308659   0.040511   0.153453   1.293535   0.206287  -0.282166  -0.220696   0.009916  -0.036857
        18   0.044703   0.115403   0.230546   0.128357   0.097590   0.174537   0.156779  -0.209589   0.012994   0.017801   0.416931  -0.130078   0.158614  -0.291568   0.443042  -1.366064
        19  -0.838111   1.212782   0.106048  -0.166816   0.183818  -0.240232   0.231693  -0.159106   0.271928   0.675191  -0.001832   0.302012  -1.155738  -0.408979   0.250096  -0.262752
        20   1.390807  -0.839561  -0.137892  -1.951458   0.325334   1.101537   0.661063  -0.849173   0.621947   0.108790   0.403347  -0.548079   0.060837   0.501044  -0.266638  -0.581906
        21   1.380467   0.386175   0.058752   0.573531   0.050246   0.622317  -0.378922   0.578170  -0.313657   0.328472  -0.083644   0.728709  -0.917103  -0.296583  -2.107927  -0.609003
        22   0.326768   0.989010   0.469945  -1.585769   0.422912   0.556217  -0.169327   0.230578  -0.709530  -0.257694  -0.836011  -0.708507   0.251761   1.354072  -0.968200   0.633775
        23   0.303777   0.105959  -0.308323   0.190498   1.140243   0.953122   0.824535  -0.276296  -1.255711  -0.007009  -0.088533  -0.152339  -0.224772   1.198352  -3.171085   0.767583
        24   1.466717  -0.127118  -0.119530  -1.256534   1.342348   0.301412   0.979922  -0.373257  -0.459112  -1.000440   0.153905  -1.437761  -0.033789   1.439053  -0.855426  -0.020392
        25   0.380774   1.196899   0.412960   0.325532   0.608174  -1.157776   0.396453   0.766057   0.530765  -0.517448   0.845284  -0.699729  -5.312852   0.523135   0.601912   1.099862
        26  -1.516020  -0.638756  -0.229758  -1.408605   0.647843   0.817362  -0.454546  -0.965850   1.612669  -0.109547   1.180974  -0.427488  -3.274196   1.441454   1.509261   1.815204
        27  -1.384118   0.259705   0.683572  -2.088863   0.052656   0.526094   0.085521   0.846242   1.091627  -0.410601   1.324155   0.000750  -0.252362  -0.258078  -0.477630   0.001331
        28  -1.014238  -0.129040   0.254433   0.396648  -0.073940   0.206895   0.189714  -0.205549  -0.346371   1.859677  -0.172243   0.274554  -1.779003  -0.085340   0.462003   0.161800
        29   0.065151  -1.552979  -0.918963  -0.806761  -0.582432   0.866968   1.064296   0.503360  -0.147976  -0.263179   0.556910   0.588151  -0.534769   0.514224  -0.482987   1.130986
        30   0.092776   0.894380   1.250297  -3.437478   1.188585   0.119386   0.033258  -1.776194   0.545573   0.376333  -0.375209  -0.327441   0.056821   1.104539   0.636798  -0.382423
        31   0.514476   1.454609   1.119011  -1.204342   1.036224  -0.961868   1.702224   0.718057   0.335394   0.348109   1.686913  -0.825272  -2.872320  -0.268955  -2.200993  -0.581268
        32  -1.300796   1.651820  -0.891580  -0.445668  -0.613900   0.416028   1.069757  -0.299989   0.067571   1.615101   0.630341  -0.005856  -1.010575  -0.338759  -0.156249  -0.387242