       pos     val_AA     val_AC     val_AG     val_AT     val_CA     val_CC     val_CG     val_CT     val_GA     val_GC     val_GG     val_GT     val_TA     val_TC     val_TG     val_TT
         0   0.004151  -0.032903  -0.019756   0.019611   0.028050   0.033435   0.028556   0.032145   0.016347  -0.037622  -0.040369  -0.009075  -0.022382  -0.005573  -0.015774   0.021158
         1   0.092914  -0.022344  -0.031716  -0.012690  -0.029271   0.054607  -0.001692  -0.066304   0.043440  -0.037388  -0.017081  -0.036316   0.002624   0.014358  -0.042133   0.088993
         2   0.027868  -0.062417   0.073071   0.071185  -0.015647  -0.044254   0.008794   0.060339   0.009893  -0.085268  -0.025268   0.008021  -0.022250   0.084109  -0.017384  -0.070793
         3   0.006337   0.000097   0.029618  -0.036188   0.023639  -0.089621   0.015879  -0.057726   0.021623   0.034879   0.001703  -0.018993   0.010920   0.013570  -0.005493   0.049756
         4   0.112023  -0.031335   0.000985  -0.019154   0.009434  -0.006088  -0.051937   0.007515  -0.087388  -0.024194   0.157554  -0.004264  -0.042542   0.008226  -0.041036   0.012201
         5   0.069703  -0.111466   0.080994  -0.047704  -0.071321   0.017077  -0.006382   0.007233   0.017063  -0.024843   0.053737   0.019608  -0.011617   0.095846  -0.069187  -0.018744
         6   0.028416  -0.042626   0.029233  -0.011195  -0.012563   0.022125  -0.012208  -0.020739   0.017842   0.005382   0.062640  -0.026701  -0.035955  -0.005572  -0.043080   0.045000
         7  -0.022564  -0.002992   0.013382   0.009913  -0.045413   0.056986  -0.008575  -0.023687  -0.001064   0.028200  -0.012239   0.021686   0.010243   0.011249   0.031304  -0.066429
         8  -0.003611   0.032339  -0.060713  -0.026812   0.010824   0.041817   0.025145   0.015657   0.001920  -0.003333   0.022224   0.003062  -0.047786   0.025252  -0.037292   0.001309
         9  -0.021982   0.023652  -0.043040   0.002717  -0.006927   0.006027   0.124491  -0.027517   0.021123  -0.047986   0.001449  -0.025223  -0.005991   0.011982  -0.015721   0.002945
        10  -0.009912  -0.021579   0.022474  -0.004759  -0.016059   0.027412  -0.030733   0.013056   0.045881   0.018197  -0.005064   0.008166  -0.006183  -0.025169  -0.029464   0.013738
        11   0.017719   0.009578   0.018877  -0.032447   0.010555   0.041190   0.008850  -0.061735   0.032806   0.000483   0.013168  -0.089245  -0.035767   0.030586  -0.011126   0.046508
        12   0.042970  -0.004395  -0.012742  -0.000521   0.027992   0.008333   0.046014  -0.000503   0.052747   0.040708  -0.068525   0.004839  -0.036110  -0.029580  -0.048267  -0.022962
        13   0.060017   0.074360  -0.031407  -0.015371   0.015612   0.014169   0.004250  -0.018965  -0.011703  -0.103082   0.010429   0.020836  -0.019131   0.000142  -0.014637   0.014480
        14   0.025697  -0.067938   0.042026   0.045009  -0.009447   0.000122   0.027046  -0.032131   0.001796  -0.013874  -0.012357  -0.006931  -0.007816   0.016029  -0.021156   0.013923
        15   0.008787   0.009344   0.002695  -0.010595  -0.016601  -0.017286  -0.013333  -0.018442   0.051918   0.025286  -0.023832  -0.017813  -0.004864   0.039326  -0.025475   0.010884
        16  -0.052898   0.048468   0.048146  -0.004476   0.046666  -0.016592   0.018558   0.008038  -0.031613  -0.033851   0.003659   0.001860  -0.010236  -0.020072   0.007456  -0.013115
        17   0.054437   0.005158  -0.052624  -0.055053  -0.011201   0.013663  -0.002770  -0.021739   0.003670   0.003936   0.054192   0.016022  -0.012950  -0.006647  -0.000192   0.012097
        18  -0.005345   0.011399   0.032396  -0.004495   0.005342   0.011325   0.005287  -0.005843  -0.013904   0.009282   0.016483  -0.013254   0.019096  -0.019748   0.021053  -0.069075
        19  -0.039032   0.055122   0.007729  -0.018631   0.010331  -0.009769   0.008738   0.002959   0.007330   0.042711   0.004566   0.020613  -0.055052  -0.037525   0.010009  -0.010099
        20   0.054735  -0.047425  -0.009961  -0.073772   0.004998   0.027618   0.028521  -0.010599   0.030288   0.006162   0.016945  -0.022352  -0.011260   0.053352  -0.023687  -0.023564
        21   0.065937   0.008115  -0.004547   0.009257   0.021834   0.019900  -0.041450   0.039423  -0.027256   0.011442  -0.005466   0.033099  -0.036431  -0.019513  -0.039734  -0.034609
        22   0.015988   0.050469   0.017419  -0.059792   0.010104   0.018746  -0.018629   0.009723  -0.026759  -0.026573  -0.003613  -0.034252   0.007294   0.067754  -0.053890   0.026012
        23  -0.012054   0.006307  -0.022037   0.034411   0.037184   0.041197   0.040623  -0.008609  -0.048984   0.004077  -0.022712   0.008906  -0.012975   0.046327  -0.113600   0.021939
        24   0.047048  -0.017577  -0.003070  -0.063229   0.053536   0.006629   0.044048  -0.006306  -0.014998  -0.032691  -0.009702  -0.060336  -0.005859   0.077025  -0.029097   0.014578
        25   0.025049   0.057789  -0.017481   0.014370   0.016145  -0.033183   0.011031   0.039392   0.008226  -0.019517   0.048243  -0.034773  -0.201875   0.013504   0.038422   0.034656
        26  -0.058206  -0.024720  -0.046547  -0.022982   0.014562   0.009515   0.012526  -0.018010   0.058816   0.006653   0.050465  -0.035718  -0.142957   0.069421   0.052722   0.074459
        27  -0.056438   0.001500   0.026228  -0.099076  -0.011607   0.031647   0.009621   0.031208   0.012977  -0.007955   0.041014   0.023131   0.006760  -0.012447  -0.004464   0.007901
        28  -0.055317  -0.013069  -0.005359   0.025437   0.003609   0.026245   0.005733  -0.022842   0.023717   0.055652  -0.017396   0.010427  -0.054901  -0.000054   0.015007   0.003112
        29   0.023422  -0.011127  -0.040118  -0.055069  -0.001844  -0.003603   0.061044   0.013176  -0.041049  -0.012511   0.025013   0.026533  -0.015954   0.019446  -0.034948   0.047589
        30  -0.007845   0.046780   0.044607  -0.118966   0.063561  -0.009870   0.021061  -0.082548   0.035845   0.032341  -0.035307  -0.021887   0.000456   0.037020   0.019844  -0.025091
        31   0.046423   0.056601   0.043123  -0.054131   0.061562  -0.035917   0.049441   0.031184   0.008296   0.016061   0.050967  -0.025118  -0.109845  -0.012504  -0.099089  -0.027055
        32  -0.040057   0.055185   0.017722  -0.026412  -0.030634   0.018246   0.051073  -0.014445  -0.030692   0.073555   0.004790  -0.003209  -0.044895  -0.015875  -0.008417  -0.005933