       pos     val_AA     val_AC     val_AG     val_AT     val_CA     val_CC     val_CG     val_CT     val_GA     val_GC     val_GG     val_GT     val_TA     val_TC     val_TG     val_TT
         0  -0.355352  -0.284710  -0.388542   0.526137   0.436130  -0.207036   0.610424   0.855905   0.176678  -0.165060  -0.694038  -0.565757  -0.223894  -0.025938  -0.240040   0.545095
         1   2.489952  -0.474640  -1.124504  -0.857247  -0.871081   1.398052   0.245801  -1.455517   1.258916  -0.474527  -0.445968  -1.050618   0.305474   0.020065  -1.353816   2.389658
         2   0.406140  -1.668600   2.138395   2.307326  -0.553754  -0.847270   0.074349   1.795624   0.055882  -1.470393  -1.304513   0.040538  -0.304897   1.609202  -0.227647  -2.050382
         3   0.085548  -0.392084   0.389455  -0.479548   0.681628  -2.182218   0.755630  -1.632102   0.606994   0.560821  -0.007053  -0.480179   0.120478   0.613481   0.172079   1.187069
         4   2.694072  -0.589106  -0.453421  -0.156897  -0.493202  -0.412241  -0.605967   0.111411  -2.141394  -0.209133   3.645506   0.015131  -1.396002   0.288563  -0.717462   0.420143
         5   1.447125  -2.873303   1.859265  -1.769613  -0.579458   0.083747  -0.181973  -0.244233   0.132371   0.110760   1.303570   0.321955  -0.644589   2.294462  -1.495428   0.235343
         6   0.637766  -0.834754   1.006304  -0.453866  -0.072962  -0.106338   0.006913  -0.211948   0.575190   0.260302   1.549790  -0.899847  -0.964689  -0.561164  -1.205804   1.275110
         7  -0.818020   0.204013   0.419460   0.369851  -1.149100   1.328030  -0.477285  -0.943601   0.418479   0.568204  -0.177208   0.547727   0.261523   0.511863   0.436922  -1.500861
         8  -0.489596   0.827413  -0.953451  -0.671483   0.223462   0.950314   0.793195   0.645140   0.510136  -0.277755   0.169008  -0.199498  -0.896549   0.383164  -0.888744  -0.124756
         9   0.110957   0.735297  -1.713688   0.214887  -0.034307  -0.243442   2.590248  -0.429362   0.298742  -1.042613   0.609242  -0.745364  -0.332747   0.125579  -0.172954   0.029527
        10  -0.016598  -0.602079   0.824509  -0.163187  -0.142999   0.214843  -1.062543   0.565520   0.969213   0.483124   0.046413  -0.185901  -0.140545  -0.547383  -0.682948   0.440564
        11   0.507006   0.170108   0.527253  -0.535298   0.256816   0.925382   0.181511  -1.815206   0.835235   0.118010   0.854249  -2.682064  -0.932195   0.656375  -0.287635   1.220451
        12   1.130352  -0.018490  -0.426644  -0.018354   0.664284   0.100382   1.115801  -0.010592   1.321966   1.338277  -1.476614   0.091749  -1.566545  -0.635450  -0.988326  -0.621795
        13   1.570996   1.281243  -0.767854  -0.534328   0.609027   0.332277   0.048892  -0.205477  -0.476852  -2.263655   0.387476   0.577248  -0.866847   0.175630  -0.329190   0.461414
        14   0.671162  -1.753805   1.169126   0.749842  -0.574685   0.057316   0.665916  -0.623053   0.019393  -0.203493  -0.355307  -0.121269   0.161601   0.475805  -0.728168   0.389619
        15   0.031998   0.053195   0.298168  -0.105889  -0.246837  -0.235298  -0.383965  -0.558076   1.044131   0.440935  -0.468699  -0.264798  -0.307383   1.013095  -0.592755   0.282182
        16  -1.263054   0.744618   1.270992  -0.230648   1.191082  -0.390018   0.446469   0.024393  -1.053984  -0.288699   0.080440   0.114991  -0.162265  -0.405454   0.151249  -0.230111
        17   1.505205   0.129183  -1.428127  -1.494483  -0.376000   0.331948   0.184552  -0.480053   0.038601   0.183283   1.407131   0.320134  -0.322923  -0.217153   0.106735   0.111965
        18   0.043260   0.224693   0.435940   0.140992   0.110562   0.263340   0.273316  -0.219956  -0.096125   0.037998   0.445148  -0.116729   0.228312  -0.448788   0.521432  -1.843395
        19  -1.086546   1.494040   0.199854  -0.321340   0.256481  -0.195689   0.290179  -0.273726   0.363847   0.770516  -0.028593   0.570064  -1.389445  -0.820970   0.234724  -0.063398
        20   1.463989  -1.294799  -0.344223  -1.680630   0.167457   1.081666   0.769418  -0.770645   0.727040   0.125013   0.521860  -0.677748   0.077597   0.683837  -0.609136  -0.240699
        21   1.471606   0.523396  -0.197628   0.638710  -0.208498   0.843667  -0.861087   0.821636  -0.643299   0.437007  -0.400901   0.945110  -0.353335  -0.882815  -1.100481  -1.033090
        22   0.234781   1.247001   0.520988  -1.736297   0.222638   0.638389  -0.399828   0.460057  -0.655499  -0.554518  -0.444739  -0.905340   0.185024   1.500951  -1.208515   0.894907
        23   0.161431   0.088553  -0.698260   0.435220   1.121182   1.323165   0.394448  -0.006972  -1.008382  -0.434263  -0.552846   0.463398  -0.736190   1.392699  -2.392150   0.448968
        24   1.597441  -0.336788  -0.197056  -1.525555   1.156367   0.429124   1.006918  -0.222255  -0.907467  -1.116327   0.285795  -1.510809  -0.092158   2.041680  -1.243801   0.634891
        25   0.537945   0.558982   0.126365   0.530891   0.766829  -0.615185   0.219811   0.646234   0.668488  -0.207592   0.355950  -0.964990  -5.326379   0.930422   0.857719   0.914510
        26  -0.834335  -0.730815  -0.542796  -1.245172   0.856373   0.377873  -0.234085  -0.333535   1.422348  -0.107873   0.351503  -0.106134  -2.418111   1.134080   1.141777   1.268899
        27  -1.000967   0.709386   1.063372  -1.745515  -0.124662   0.335799   0.222800   0.239330   0.370383  -0.257049   0.590416   0.012651  -0.261581  -0.021565  -0.105962  -0.026832
        28  -1.518092  -0.015063   0.185829   0.330497   0.422977   0.431142   0.132030  -0.219580   0.281761   1.622253  -0.176899   0.043510  -1.535030  -0.239233   0.262333  -0.008434
        29   0.571837  -0.277279  -1.343192  -1.299749  -0.135227   0.439864   1.293810   0.200653  -0.410937  -0.724892   0.757777   0.781346  -0.299038   0.182532  -1.086253   1.348753
        30   0.500672   1.004878   1.487555  -3.266470   1.448637  -0.198178   0.554201  -2.184438   0.372396   0.491027  -0.759994  -0.481290  -0.108267   1.102158   0.567267  -0.530158
        31   1.095568   1.532899   1.298702  -1.713729   1.154259  -0.892367   1.064963   1.073032   0.695965   0.426029   1.331275  -0.604238  -3.016724  -0.219636  -2.323504  -0.902490
        32  -0.550441   1.180576  -0.352274  -0.348793  -0.939401   0.711209   1.459040  -0.383925  -0.329887   1.638097   0.283442  -0.220218  -1.173032  -0.358032  -0.204412  -0.411952