       pos      val_A      val_C      val_G      val_T
         0   0.013400  -0.039600  -0.025100   0.051300
         1  -0.010025   0.099375  -0.071625  -0.017725
         2  -0.112375  -0.068675   0.271625  -0.090575
         3  -0.056700   0.051300   0.028100  -0.022700
         4  -0.096910   0.029090   0.155090  -0.087270
         5   0.053050  -0.017150  -0.085950   0.050050
         6  -0.058800  -0.014500   0.109200  -0.035900
         7   0.063175  -0.022325  -0.033925  -0.006925
         8  -0.040600   0.139200  -0.056800  -0.041800
         9   0.082380  -0.067140   0.059380  -0.074620
        10  -0.052500   0.040500  -0.064500   0.076500
        11  -0.056025  -0.006325  -0.139325   0.201675
        12  -0.127250  -0.086250   0.135750   0.077750
        13   0.180308  -0.074693  -0.032992  -0.072623
        14  -0.047900   0.240900  -0.110100  -0.082900
        15  -0.033725  -0.074825   0.273275  -0.164725
        16  -0.066875  -0.020775  -0.105175   0.192825
        17   0.058200   0.084200  -0.049600  -0.092800
        18   0.120725  -0.065275  -0.047675  -0.007775
        19   0.018050  -0.058950   0.082050  -0.041150
        20  -0.097625   0.094375  -0.063125   0.066375
        21   0.020825   0.029425  -0.000475  -0.049775
        22  -0.010625   0.015275   0.047275  -0.051925
        23   0.022575   0.006175  -0.029525   0.000775
        24  -0.001400   0.029000  -0.019000  -0.008600
        25  -0.006710  -0.020810  -0.013970   0.041490
        26   0.013825   0.015125  -0.040675   0.011725
        27  -0.007072  -0.025982  -0.031972   0.065028
        28  -0.020325   0.001675   0.009675   0.008975
        29  -0.038550   0.024850  -0.015850   0.029550
        30   0.050975  -0.013625   0.007675  -0.045025
        31  -0.031895   0.044065  -0.041835   0.029665
        32   0.044000  -0.087000   0.044000  -0.001000
        33  -0.036575   0.086525  -0.079475   0.029525
        34  -0.047932  -0.028632  -0.046503   0.123068
        35   0.176910  -0.040590  -0.070090  -0.066230
        36   0.096375  -0.108625   0.032375  -0.020125
        37  -0.073175   0.157825  -0.045875  -0.038775
        38  -0.046975  -0.031275   0.174625  -0.096375
        39  -0.069950  -0.075700  -0.071650   0.217300
        40   0.038775   0.165775  -0.093325  -0.111225
        41   0.183225  -0.049975  -0.056475  -0.076775
        42  -0.114250   0.014750   0.047750   0.051750
        43  -0.015045   0.036955  -0.010875  -0.011035
        44  -0.035550   0.029450   0.019550  -0.013450
        45   0.065323  -0.045678   0.024923  -0.044568
        46  -0.072175   0.101825   0.017825  -0.047475
        47  -0.090275  -0.013575  -0.149575   0.253425
        48  -0.155625  -0.109125   0.229375   0.035375
        49   0.292950  -0.173050  -0.026050  -0.093850
        50  -0.165725   0.337275  -0.096725  -0.074825
        51  -0.095825  -0.089525   0.343175  -0.157825
        52  -0.047000   0.050000  -0.162000   0.159000
        53   0.040250   0.049250  -0.001750  -0.087750
        54  -0.010325  -0.061725  -0.027225   0.099275
        55   0.017125  -0.072375   0.048625   0.006625
        56  -0.025577  -0.034067  -0.030288   0.089933
        57  -0.021725   0.023775  -0.001025  -0.001025
        58  -0.017900  -0.014500  -0.039300   0.071700
        59  -0.038355   0.119905  -0.037455  -0.044095
        60   0.015525   0.040925  -0.068075   0.011625
        61  -0.014940   0.044180  -0.005120  -0.024120
        62  -0.058025  -0.046125   0.133975  -0.029825
        63  -0.003350  -0.073050   0.057950   0.018450
        64  -0.026250  -0.090250   0.105750   0.010750
        65   0.015350  -0.023450   0.073050  -0.064950
        66   0.010275  -0.065825   0.053175   0.002375
        67   0.117400  -0.093600  -0.015400  -0.008400
        68  -0.123050   0.094950  -0.089850   0.117950
        69  -0.106725  -0.071625  -0.134825   0.313175
        70  -0.237350  -0.146950   0.291650   0.092650
        71   0.404200  -0.229800  -0.035800  -0.138600
        72  -0.275750   0.550250  -0.134750  -0.139750
        73  -0.141075  -0.152775   0.542925  -0.249075
        74  -0.123500  -0.059500  -0.245500   0.428500
        75   0.080450   0.282450  -0.206550  -0.156350
        76   0.341575  -0.151425  -0.095525  -0.094625
        77   0.152375  -0.151625   0.072375  -0.073125
        78  -0.052625   0.027875  -0.147125   0.171875
        79  -0.036700   0.011900   0.031800  -0.007000
        80  -0.039550   0.034350   0.018650  -0.013450
        81  -0.021133   0.007867   0.033567  -0.020301
        82  -0.002360   0.011320   0.001220  -0.010180
        83  -0.017200  -0.017000  -0.035400   0.069600
        84  -0.065002  -0.000732   0.135367  -0.069633
        85  -0.015144  -0.004286   0.035515  -0.016086
        86   0.045750   0.013450  -0.021050  -0.038150