       pos      val_A      val_C      val_G      val_T
         0  -0.010125  -0.038025  -0.008225   0.056375
         1  -0.005425   0.057575  -0.043425  -0.008725
         2  -0.117175  -0.091875   0.263825  -0.054775
         3  -0.003625   0.032775   0.034775  -0.063925
         4  -0.026675  -0.006575   0.077625  -0.044375
         5  -0.006157  -0.019927  -0.021358   0.047443
         6  -0.028625  -0.008125   0.032775   0.003975
         7   0.023575  -0.026425  -0.011725   0.014575
         8   0.081382  -0.042618  -0.000917  -0.037848
         9   0.047075  -0.054925   0.023075  -0.015225
        10   0.077007  -0.031023  -0.010992  -0.034993
        11  -0.042950  -0.026350  -0.083850   0.153150
        12  -0.096275  -0.059175   0.105725   0.049725
        13   0.128700  -0.043240  -0.044300  -0.041160
        14  -0.038797   0.147502  -0.057498  -0.051207
        15  -0.035000  -0.043400   0.159700  -0.081300
        16  -0.051875  -0.023575  -0.069275   0.144725
        17   0.055175   0.078175  -0.050525  -0.082825
        18   0.095275  -0.050725  -0.018525  -0.026025
        19  -0.061975   0.011925  -0.012975   0.063025
        20  -0.035297   0.054602  -0.032308   0.013003
        21  -0.001625   0.023775  -0.024325   0.002175
        22  -0.022347   0.027453  -0.012758   0.007653
        23   0.009265  -0.008035   0.001315  -0.002545
        24  -0.001075  -0.004075  -0.016175   0.021325
        25  -0.028425  -0.010025   0.027475   0.010975
        26   0.000150   0.005250  -0.013150   0.007750
        27  -0.005025   0.004475  -0.022725   0.023275
        28  -0.017525  -0.041725   0.063275  -0.004025
        29  -0.010875   0.018025  -0.034175   0.027025
        30   0.044100  -0.006300  -0.029300  -0.008500
        31   0.046625  -0.013775  -0.036775   0.003925
        32  -0.006837  -0.019038   0.039563  -0.013688
        33  -0.002765   0.020525  -0.009575  -0.008185
        34   0.001025   0.011125   0.000925  -0.013075
        35   0.099700  -0.056300  -0.017100  -0.026300
        36  -0.018457  -0.027648   0.025453   0.020653
        37  -0.020200   0.025200   0.028200  -0.033200
        38  -0.023218   0.031882   0.012582  -0.021248
        39  -0.027000   0.079300  -0.011600  -0.040700
        40   0.008147   0.017847  -0.011743  -0.014252
        41  -0.008675   0.026325  -0.021675   0.004025
        42  -0.038225   0.014775   0.016375   0.007075
        43  -0.008025   0.023575   0.006875  -0.022425
        44  -0.000300  -0.003600  -0.013600   0.017500
        45   0.000350  -0.012450   0.039150  -0.027050
        46  -0.007525   0.019375   0.031175  -0.043025
        47  -0.032308   0.048693  -0.023678   0.007293
        48  -0.037950  -0.006250   0.029950   0.014250
        49   0.002370  -0.026530   0.048270  -0.024110
        50  -0.026595   0.053465   0.005965  -0.032835
        51  -0.042800  -0.003100   0.062200  -0.016300
        52   0.018150   0.010950  -0.027050  -0.002050
        53   0.004580  -0.014820   0.019180  -0.008940
        54   0.006525  -0.017875  -0.000475   0.011825
        55  -0.009423   0.004378  -0.004233   0.009278
        56  -0.006852  -0.000522  -0.003573   0.010948
        57  -0.007538   0.012712  -0.008688   0.003513
        58  -0.013600   0.051800  -0.039400   0.001200
        59  -0.000578   0.007662   0.000553  -0.007638
        60   0.001942   0.007743   0.000072  -0.009758
        61  -0.008647   0.012182   0.011782  -0.015318
        62  -0.055350  -0.014850   0.090650  -0.020450
        63   0.006175  -0.037925   0.051475  -0.019725
        64  -0.057675  -0.092475   0.180525  -0.030375
        65   0.028885  -0.029755   0.038785  -0.037915
        66   0.006375  -0.030025   0.032175  -0.008525
        67  -0.007325  -0.004225   0.028875  -0.017325
        68  -0.015875   0.041625   0.001025  -0.026775
        69  -0.012750  -0.023550   0.018150   0.018150
        70  -0.026650   0.016650  -0.001750   0.011750
        71  -0.010486   0.010128   0.011829  -0.011472
        72  -0.012075   0.022725   0.032325  -0.042975
        73  -0.043500   0.013500   0.020400   0.009600
        74  -0.010452   0.008448   0.003147  -0.001143
        75   0.017275  -0.001725  -0.014325  -0.001225
        76   0.003700   0.003000   0.004500  -0.011200
        77  -0.041650  -0.016450   0.044450   0.013650
        78  -0.011700   0.021100  -0.005690  -0.003710
        79   0.000900   0.016300  -0.013700  -0.003500
        80  -0.022950   0.033650  -0.011550   0.000850
        81  -0.010160  -0.004420   0.010940   0.003640
        82  -0.011500   0.002400   0.006400   0.002700
        83  -0.002567   0.005332  -0.005267   0.002503
        84  -0.031390  -0.013290   0.074610  -0.029930
        85  -0.010817   0.005372   0.018573  -0.013128
        86   0.015800   0.032400   0.035400  -0.083600